0.00	14.3	-32.3	-31.7	-2.4	-0.8	51.4	15.0	0.0	0.0	0.0	0.0	0.0	5.6	0.0	0.0	0.0	0.0	0.0
0.10	13.3	-32.4	-31.6	-2.0	-1.1	51.5	15.0	0.0	0.0	0.0	0.0	0.0	10.6	0.0	0.0	0.0	0.0	0.0
0.20	13.3	-32.4	-31.6	-2.0	-1.1	51.5	15.0	0.0	0.0	0.0	0.0	0.0	10.6	0.0	0.0	0.0	0.0	0.0
0.30	12.8	-32.3	-31.6	-2.1	-1.1	51.4	15.0	0.0	0.0	0.0	0.0	0.0	13.4	0.0	0.0	0.0	0.0	0.0
0.40	12.8	-32.3	-31.6	-2.1	-1.1	51.4	15.0	0.0	0.0	0.0	0.0	0.0	13.4	0.0	0.0	0.0	0.0	0.0
0.50	13.8	-32.5	-31.7	-2.1	-1.2	51.5	15.0	0.0	0.0	0.0	0.0	0.0	8.3	0.0	0.0	0.0	0.0	0.0
0.60	13.8	-32.5	-31.7	-2.1	-1.2	51.5	15.0	0.0	0.0	0.0	0.0	0.0	8.3	0.0	0.0	0.0	0.0	0.0
0.70	15.4	-32.6	-31.6	-2.1	-0.8	51.4	15.0	0.0	0.0	0.0	0.0	0.0	-4.3	0.0	0.0	0.0	0.0	0.0
0.80	15.4	-32.6	-31.6	-2.1	-0.8	51.4	15.0	0.0	0.0	0.0	0.0	0.0	-4.3	0.0	0.0	0.0	0.0	0.0
0.90	17.2	-32.5	-31.4	-2.1	-1.0	51.4	15.0	0.0	0.0	0.0	0.0	0.0	-13.4	0.0	0.0	0.0	0.0	0.0
1.00	17.2	-32.5	-31.4	-2.1	-1.0	51.4	15.0	0.0	0.0	0.0	0.0	0.0	-13.4	0.0	0.0	0.0	0.0	0.0
1.10	17.0	-32.7	-31.8	-2.0	-1.2	51.4	15.0	0.0	0.0	0.0	0.0	0.0	-12.2	0.0	0.0	0.0	0.0	0.0
1.20	17.0	-32.7	-31.8	-2.0	-1.2	51.4	15.0	0.0	0.0	0.0	0.0	0.0	-12.2	0.0	0.0	0.0	0.0	0.0
1.30	15.5	-32.4	-32.2	-2.5	-1.2	51.4	15.0	0.0	0.0	0.0	0.0	0.0	-4.8	0.0	0.0	0.0	0.0	0.0
1.40	15.5	-32.4	-32.2	-2.5	-1.2	51.4	15.0	0.0	0.0	0.0	0.0	0.0	-4.8	0.0	0.0	0.0	0.0	0.0
1.50	13.6	-32.7	-31.8	-2.2	-0.9	51.5	15.0	0.0	0.0	0.0	0.0	0.0	9.1	0.0	0.0	0.0	0.0	0.0
1.60	13.6	-32.7	-31.8	-2.2	-0.9	51.5	15.0	0.0	0.0	0.0	0.0	0.0	9.1	0.0	0.0	0.0	0.0	0.0
1.70	12.6	-32.5	-32.0	-2.5	-1.1	51.3	15.0	0.0	0.0	0.0	0.0	0.0	14.1	0.0	0.0	0.0	0.0	0.0
1.80	12.6	-32.5	-32.0	-2.5	-1.1	51.3	15.0	0.0	0.0	0.0	0.0	0.0	14.1	0.0	0.0	0.0	0.0	0.0
1.90	13.8	-32.6	-31.9	-1.5	-0.8	51.5	15.0	0.0	0.0	0.0	0.0	0.0	8.3	0.0	0.0	0.0	0.0	0.0
2.00	13.8	-32.6	-31.9	-1.5	-0.8	51.5	15.0	0.0	0.0	0.0	0.0	0.0	8.3	0.0	0.0	0.0	0.0	0.0
2.10	14.5	-32.4	-31.7	-2.2	-1.3	51.3	15.0	0.0	0.0	0.0	0.0	0.0	4.9	0.0	0.0	0.0	0.0	0.0
2.20	14.5	-32.4	-31.7	-2.2	-1.3	51.3	15.0	0.0	0.0	0.0	0.0	0.0	4.9	0.0	0.0	0.0	0.0	0.0
2.30	15.8	-32.6	-31.9	-2.2	-1.4	51.4	15.0	0.0	0.0	0.0	0.0	0.0	-6.5	0.0	0.0	0.0	0.0	0.0
2.40	15.8	-32.6	-31.9	-2.2	-1.4	51.4	15.0	0.0	0.0	0.0	0.0	0.0	-6.5	0.0	0.0	0.0	0.0	0.0
2.50	17.1	-32.5	-32.0	-2.8	-1.5	51.2	15.0	0.0	0.0	0.0	0.0	0.0	-12.6	0.0	0.0	0.0	0.0	0.0
2.60	17.1	-32.5	-32.0	-2.8	-1.5	51.2	15.0	0.0	0.0	0.0	0.0	0.0	-12.6	0.0	0.0	0.0	0.0	0.0
2.70	16.8	-32.3	-31.5	-1.6	-1.2	51.5	15.0	0.0	0.0	0.0	0.0	0.0	-11.2	0.0	0.0	0.0	0.0	0.0
2.80	16.8	-32.3	-31.5	-1.6	-1.2	51.5	15.0	0.0	0.0	0.0	0.0	0.0	-11.2	0.0	0.0	0.0	0.0	0.0
2.90	14.6	-32.3	-31.6	-1.8	-1.1	51.5	15.0	0.0	0.0	0.0	0.0	0.0	4.1	0.0	0.0	0.0	0.0	0.0
3.00	14.6	-32.3	-31.6	-1.8	-1.1	51.5	15.0	0.0	0.0	0.0	0.0	0.0	4.1	0.0	0.0	0.0	0.0	0.0
3.10	13.3	-32.4	-31.5	-1.7	-1.1	51.5	15.0	0.0	0.0	0.0	0.0	0.0	10.7	0.0	0.0	0.0	0.0	0.0
3.20	13.3	-32.4	-31.5	-1.7	-1.1	51.5	15.0	0.0	0.0	0.0	0.0	0.0	10.7	0.0	0.0	0.0	0.0	0.0
3.30	13.0	-32.5	-31.6	-2.5	-1.1	51.4	15.0	0.0	0.0	0.0	0.0	0.0	12.1	0.0	0.0	0.0	0.0	0.0
3.40	13.0	-32.5	-31.6	-2.5	-1.1	51.4	15.0	0.0	0.0	0.0	0.0	0.0	12.1	0.0	0.0	0.0	0.0	0.0
3.50	14.0	-32.2	-31.5	-1.9	-1.1	51.5	15.0	0.0	0.0	0.0	0.0	0.0	7.1	0.0	0.0	0.0	0.0	0.0
3.60	14.0	-32.2	-31.5	-1.9	-1.1	51.5	15.0	0.0	0.0	0.0	0.0	0.0	7.1	0.0	0.0	0.0	0.0	0.0
3.70	15.1	-32.4	-31.3	-1.6	-0.7	51.5	15.0	0.0	0.0	0.0	0.0	0.0	-2.9	0.0	0.0	0.0	0.0	0.0
3.80	15.1	-32.4	-31.3	-1.6	-0.7	51.5	15.0	0.0	0.0	0.0	0.0	0.0	-2.9	0.0	0.0	0.0	0.0	0.0
3.90	16.0	-32.3	-31.8	-1.9	-1.4	51.4	15.0	0.0	0.0	0.0	0.0	0.0	-7.4	0.0	0.0	0.0	0.0	0.0
4.00	16.0	-32.3	-31.8	-1.9	-1.4	51.4	15.0	0.0	0.0	0.0	0.0	0.0	-7.4	0.0	0.0	0.0	0.0	0.0
4.10	16.9	-32.6	-31.9	-2.4	-1.2	51.4	15.0	0.0	0.0	0.0	0.0	0.0	-12.0	0.0	0.0	0.0	0.0	0.0
4.20	16.9	-32.6	-31.9	-2.4	-1.2	51.4	15.0	0.0	0.0	0.0	0.0	0.0	-12.0	0.0	0.0	0.0	0.0	0.0
4.30	16.7	-32.0	-31.7	-2.3	-1.4	51.4	15.0	0.0	0.0	0.0	0.0	0.0	-11.0	0.0	0.0	0.0	0.0	0.0
4.40	16.7	-32.0	-31.7	-2.3	-1.4	51.4	15.0	0.0	0.0	0.0	0.0	0.0	-11.0	0.0	0.0	0.0	0.0	0.0
4.50	14.5	-32.3	-31.9	-1.7	-1.0	51.4	15.0	0.0	0.0	0.0	0.0	0.0	4.9	0.0	0.0	0.0	0.0	0.0
4.60	14.5	-32.3	-31.9	-1.7	-1.0	51.4	15.0	0.0	0.0	0.0	0.0	0.0	4.9	0.0	0.0	0.0	0.0	0.0
4.70	12.9	-32.0	-32.0	-1.9	-1.2	51.3	15.0	0.0	0.0	0.0	0.0	0.0	12.9	0.0	0.0	0.0	0.0	0.0
4.80	12.9	-32.0	-32.0	-1.9	-1.2	51.3	15.0	0.0	0.0	0.0	0.0	0.0	12.9	0.0	0.0	0.0	0.0	0.0
4.90	12.7	-32.3	-31.6	-1.8	-0.8	51.4	15.0	0.0	0.0	0.0	0.0	0.0	13.6	0.0	0.0	0.0	0.0	0.0
5.00	12.7	-32.3	-31.6	-1.8	-0.8	51.4	15.0	0.0	0.0	0.0	0.0	0.0	13.6	0.0	0.0	0.0	0.0	0.0
5.10	14.5	-32.2	-31.8	-2.3	-1.1	51.5	15.0	0.0	0.0	0.0	0.0	0.0	4.7	0.0	0.0	0.0	0.0	0.0
5.20	14.5	-32.2	-31.8	-2.3	-1.1	51.5	15.0	0.0	0.0	0.0	0.0	0.0	4.7	0.0	0.0	0.0	0.0	0.0
5.30	15.7	-32.2	-31.8	-1.5	-0.5	51.5	15.0	0.0	0.0	0.0	0.0	0.0	-6.0	0.0	0.0	0.0	0.0	0.0
5.40	15.7	-32.2	-31.8	-1.5	-0.5	51.5	15.0	0.0	0.0	0.0	0.0	0.0	-6.0	0.0	0.0	0.0	0.0	0.0
5.50	16.6	-32.2	-31.4	-1.7	-0.8	51.5	15.0	0.0	0.0	0.0	0.0	0.0	-10.1	0.0	0.0	0.0	0.0	0.0
5.60	16.6	-32.2	-31.4	-1.7	-0.8	51.5	15.0	0.0	0.0	0.0	0.0	0.0	-10.1	0.0	0.0	0.0	0.0	0.0
5.70	16.2	-32.4	-31.8	-1.9	-0.8	51.5	15.0	0.0	0.0	0.0	0.0	0.0	-8.1	0.0	0.0	0.0	0.0	0.0
5.80	16.2	-32.4	-31.8	-1.9	-0.8	51.5	15.0	0.0	0.0	0.0	0.0	0.0	-8.1	0.0	0.0	0.0	0.0	0.0
5.90	15.3	-32.7	-31.9	-2.6	-1.3	51.4	15.0	0.0	0.0	0.0	0.0	0.0	-3.9	0.0	0.0	0.0	0.0	0.0
6.00	15.3	-32.7	-31.9	-2.6	-1.3	51.4	15.0	0.0	0.0	0.0	0.0	0.0	-3.9	0.0	0.0	0.0	0.0	0.0
6.10	14.1	-32.5	-31.8	-2.1	-0.9	51.4	15.0	0.0	0.0	0.0	0.0	0.0	7.0	0.0	0.0	0.0	0.0	0.0
6.20	14.1	-32.5	-31.8	-2.1	-0.9	51.4	15.0	0.0	0.0	0.0	0.0	0.0	7.0	0.0	0.0	0.0	0.0	0.0
6.30	13.0	-32.6	-31.8	-1.5	-0.9	51.4	15.0	0.0	0.0	0.0	0.0	0.0	12.2	0.0	0.0	0.0	0.0	0.0
6.40	13.0	-32.6	-31.8	-1.5	-0.9	51.4	15.0	0.0	0.0	0.0	0.0	0.0	12.2	0.0	0.0	0.0	0.0	0.0
6.50	13.8	-32.1	-31.6	-1.3	-0.2	51.5	15.0	0.0	0.0	0.0	0.0	0.0	8.2	0.0	0.0	0.0	0.0	0.0
6.60	13.8	-32.1	-31.6	-1.3	-0.2	51.5	15.0	0.0	0.0	0.0	0.0	0.0	8.2	0.0	0.0	0.0	0.0	0.0
6.70	15.4	-32.6	-31.8	-2.1	-1.1	51.4	15.0	0.0	0.0	0.0	0.0	0.0	-4.3	0.0	0.0	0.0	0.0	0.0
6.80	15.4	-32.6	-31.8	-2.1	-1.1	51.4	15.0	0.0	0.0	0.0	0.0	0.0	-4.3	0.0	0.0	0.0	0.0	0.0
6.90	16.1	-32.3	-31.9	-2.1	-0.8	51.3	15.0	0.0	0.0	0.0	0.0	0.0	-7.7	0.0	0.0	0.0	0.0	0.0
7.00	16.1	-32.3	-31.9	-2.1	-0.8	51.3	15.0	0.0	0.0	0.0	0.0	0.0	-7.7	0.0	0.0	0.0	0.0	0.0
7.10	16.4	-32.5	-31.6	-1.7	-1.2	51.4	15.0	0.0	0.0	0.0	0.0	0.0	-9.5	0.0	0.0	0.0	0.0	0.0
7.20	16.4	-32.5	-31.6	-1.7	-1.2	51.4	15.0	0.0	0.0	0.0	0.0	0.0	-9.5	0.0	0.0	0.0	0.0	0.0
7.30	16.0	-32.1	-31.5	-1.8	-0.5	51.5	15.0	0.0	0.0	0.0	0.0	0.0	-7.4	0.0	0.0	0.0	0.0	0.0
7.40	16.0	-32.1	-31.5	-1.8	-0.5	51.5	15.0	0.0	0.0	0.0	0.0	0.0	-7.4	0.0	0.0	0.0	0.0	0.0
7.50	15.1	-32.2	-31.5	-1.6	-0.8	51.6	15.0	0.0	0.0	0.0	0.0	0.0	-2.6	0.0	0.0	0.0	0.0	0.0
7.60	15.1	-32.2	-31.5	-1.6	-0.8	51.6	15.0	0.0	0.0	0.0	0.0	0.0	-2.6	0.0	0.0	0.0	0.0	0.0
7.70	13.9	-32.1	-31.2	-1.9	-0.3	51.5	15.0	0.0	0.0	0.0	0.0	0.0	7.8	0.0	0.0	0.0	0.0	0.0
7.80	13.9	-32.1	-31.2	-1.9	-0.3	51.5	15.0	0.0	0.0	0.0	0.0	0.0	7.8	0.0	0.0	0.0	0.0	0.0
7.90	12.9	-32.0	-31.5	-1.3	-0.8	51.6	15.0	0.0	0.0	0.0	0.0	0.0	12.8	0.0	0.0	0.0	0.0	0.0
8.00	12.9	-32.0	-31.5	-1.3	-0.8	51.6	15.0	0.0	0.0	0.0	0.0	0.0	12.8	0.0	0.0	0.0	0.0	0.0
8.10	13.4	-32.4	-31.8	-2.0	-0.8	51.4	15.0	0.0	0.0	0.0	0.0	0.0	10.1	0.0	0.0	0.0	0.0	0.0
8.20	13.4	-32.4	-31.8	-2.0	-0.8	51.4	15.0	0.0	0.0	0.0	0.0	0.0	10.1	0.0	0.0	0.0	0.0	0.0
8.30	15.8	-32.1	-31.1	-1.8	-1.1	51.4	15.0	0.0	0.0	0.0	0.0	0.0	-6.4	0.0	0.0	0.0	0.0	0.0
8.40	15.8	-32.1	-31.1	-1.8	-1.1	51.4	15.0	0.0	0.0	0.0	0.0	0.0	-6.4	0.0	0.0	0.0	0.0	0.0
8.50	16.6	-32.7	-31.6	-2.7	-1.1	51.2	15.0	0.0	0.0	0.0	0.0	0.0	-10.4	0.0	0.0	0.0	0.0	0.0
8.60	16.6	-32.7	-31.6	-2.7	-1.1	51.2	15.0	0.0	0.0	0.0	0.0	0.0	-10.4	0.0	0.0	0.0	0.0	0.0
8.70	16.4	-32.4	-31.6	-2.0	-1.4	51.4	15.0	0.0	0.0	0.0	0.0	0.0	-9.5	0.0	0.0	0.0	0.0	0.0
8.80	16.4	-32.4	-31.6	-2.0	-1.4	51.4	15.0	0.0	0.0	0.0	0.0	0.0	-9.5	0.0	0.0	0.0	0.0	0.0
8.90	15.0	-32.8	-31.6	-2.3	-1.2	51.3	15.0	0.0	0.0	0.0	0.0	0.0	-2.3	0.0	0.0	0.0	0.0	0.0
9.00	15.0	-32.8	-31.6	-2.3	-1.2	51.3	15.0	0.0	0.0	0.0	0.0	0.0	-2.3	0.0	0.0	0.0	0.0	0.0
9.10	14.3	-32.4	-31.8	-2.3	-1.4	51.3	15.0	0.0	0.0	0.0	0.0	0.0	5.7	0.0	0.0	0.0	0.0	0.0
9.20	14.3	-32.4	-31.8	-2.3	-1.4	51.3	15.0	0.0	0.0	0.0	0.0	0.0	5.7	0.0	0.0	0.0	0.0	0.0
9.30	13.4	-32.4	-31.4	-2.5	-0.8	51.3	15.0	0.0	0.0	0.0	0.0	0.0	10.1	0.0	0.0	0.0	0.0	0.0
9.40	13.4	-32.4	-31.4	-2.5	-0.8	51.3	15.0	0.0	0.0	0.0	0.0	0.0	10.1	0.0	0.0	0.0	0.0	0.0
9.50	13.6	-32.0	-31.4	-2.0	-0.8	51.5	15.0	0.0	0.0	0.0	0.0	0.0	9.5	0.0	0.0	0.0	0.0	0.0
9.60	13.6	-32.0	-31.4	-2.0	-0.8	51.5	15.0	0.0	0.0	0.0	0.0	0.0	9.5	0.0	0.0	0.0	0.0	0.0
9.70	14.7	-32.2	-31.5	-1.7	-0.6	51.5	15.0	0.0	0.0	0.0	0.0	0.0	3.7	0.0	0.0	0.0	0.0	0.0
9.80	14.7	-32.2	-31.5	-1.7	-0.6	51.5	15.0	0.0	0.0	0.0	0.0	0.0	3.7	0.0	0.0	0.0	0.0	0.0
9.90	16.0	-32.2	-31.3	-1.8	-0.9	51.4	15.0	0.0	0.0	0.0	0.0	0.0	-7.5	0.0	0.0	0.0	0.0	0.0
10.00	16.0	-32.2	-31.3	-1.8	-0.9	51.4	15.0	0.0	0.0	0.0	0.0	0.0	-7.5	0.0	0.0	0.0	0.0	0.0
10.10	17.6	-32.5	-31.4	-3.1	-1.0	51.5	15.0	0.0	0.0	0.0	0.0	0.0	-15.3	0.0	0.0	0.0	0.0	0.0
10.20	17.6	-32.5	-31.4	-3.1	-1.0	51.5	15.0	0.0	0.0	0.0	0.0	0.0	-15.3	0.0	0.0	0.0	0.0	0.0
10.30	16.2	-32.6	-31.5	-2.6	-1.0	51.5	15.0	0.0	0.0	0.0	0.0	0.0	-8.5	0.0	0.0	0.0	0.0	0.0
10.40	16.2	-32.6	-31.5	-2.6	-1.0	51.5	15.0	0.0	0.0	0.0	0.0	0.0	-8.5	0.0	0.0	0.0	0.0	0.0
10.50	14.2	-32.6	-31.2	-1.7	-1.2	51.4	15.0	0.0	0.0	0.0	0.0	0.0	6.3	0.0	0.0	0.0	0.0	0.0
10.60	14.2	-32.6	-31.2	-1.7	-1.2	51.4	15.0	0.0	0.0	0.0	0.0	0.0	6.3	0.0	0.0	0.0	0.0	0.0
10.70	13.1	-32.8	-31.5	-1.9	-1.3	51.4	15.0	0.0	0.0	0.0	0.0	0.0	11.7	0.0	0.0	0.0	0.0	0.0
10.80	13.1	-32.8	-31.5	-1.9	-1.3	51.4	15.0	0.0	0.0	0.0	0.0	0.0	11.7	0.0	0.0	0.0	0.0	0.0
10.90	13.0	-32.6	-31.8	-2.1	-1.4	51.5	15.0	0.0	0.0	0.0	0.0	0.0	12.1	0.0	0.0	0.0	0.0	0.0
11.00	13.0	-32.6	-31.8	-2.1	-1.4	51.5	15.0	0.0	0.0	0.0	0.0	0.0	12.1	0.0	0.0	0.0	0.0	0.0
11.10	14.2	-32.7	-31.2	-2.4	-1.1	51.5	15.0	0.0	0.0	0.0	0.0	0.0	6.5	0.0	0.0	0.0	0.0	0.0
11.20	14.2	-32.7	-31.2	-2.4	-1.1	51.5	15.0	0.0	0.0	0.0	0.0	0.0	6.5	0.0	0.0	0.0	0.0	0.0
11.30	15.5	-32.1	-31.3	-1.7	-0.7	51.5	15.0	0.0	0.0	0.0	0.0	0.0	-4.6	0.0	0.0	0.0	0.0	0.0
11.40	15.5	-32.1	-31.3	-1.7	-0.7	51.5	15.0	0.0	0.0	0.0	0.0	0.0	-4.6	0.0	0.0	0.0	0.0	0.0
11.50	17.1	-32.2	-31.3	-1.6	-0.6	51.5	15.0	0.0	0.0	0.0	0.0	0.0	-12.6	0.0	0.0	0.0	0.0	0.0
11.60	17.1	-32.2	-31.3	-1.6	-0.6	51.5	15.0	0.0	0.0	0.0	0.0	0.0	-12.6	0.0	0.0	0.0	0.0	0.0
11.70	17.2	-31.9	-31.2	-1.3	-0.7	51.6	15.0	0.0	0.0	0.0	0.0	0.0	-13.4	0.0	0.0	0.0	0.0	0.0
11.80	17.2	-31.9	-31.2	-1.3	-0.7	51.6	15.0	0.0	0.0	0.0	0.0	0.0	-13.4	0.0	0.0	0.0	0.0	0.0
11.90	14.6	-32.3	-31.8	-2.7	-1.3	51.4	15.0	0.0	0.0	0.0	0.0	0.0	4.1	0.0	0.0	0.0	0.0	0.0
12.00	14.6	-32.3	-31.8	-2.7	-1.3	51.4	15.0	0.0	0.0	0.0	0.0	0.0	4.1	0.0	0.0	0.0	0.0	0.0
12.10	12.8	-32.3	-31.7	-2.1	-1.2	51.5	15.0	0.0	0.0	0.0	0.0	0.0	13.4	0.0	0.0	0.0	0.0	0.0
12.20	12.8	-32.3	-31.7	-2.1	-1.2	51.5	15.0	0.0	0.0	0.0	0.0	0.0	13.4	0.0	0.0	0.0	0.0	0.0
12.30	12.8	-32.3	-31.6	-2.0	-1.1	51.5	15.0	0.0	0.0	0.0	0.0	0.0	13.5	0.0	0.0	0.0	0.0	0.0
12.40	12.8	-32.3	-31.6	-2.0	-1.1	51.5	15.0	0.0	0.0	0.0	0.0	0.0	13.5	0.0	0.0	0.0	0.0	0.0
12.50	14.4	-32.7	-31.8	-2.2	-1.4	51.5	15.0	0.0	0.0	0.0	0.0	0.0	5.2	0.0	0.0	0.0	0.0	0.0
12.60	14.4	-32.7	-31.8	-2.2	-1.4	51.5	15.0	0.0	0.0	0.0	0.0	0.0	5.2	0.0	0.0	0.0	0.0	0.0
12.70	16.0	-32.4	-31.6	-2.2	-0.9	51.6	15.0	0.0	0.0	0.0	0.0	0.0	-7.3	0.0	0.0	0.0	0.0	0.0
12.80	16.0	-32.4	-31.6	-2.2	-0.9	51.6	15.0	0.0	0.0	0.0	0.0	0.0	-7.3	0.0	0.0	0.0	0.0	0.0
12.90	16.8	-32.6	-31.6	-2.2	-1.1	51.4	15.0	0.0	0.0	0.0	0.0	0.0	-11.2	0.0	0.0	0.0	0.0	0.0
13.00	16.8	-32.6	-31.6	-2.2	-1.1	51.4	15.0	0.0	0.0	0.0	0.0	0.0	-11.2	0.0	0.0	0.0	0.0	0.0
13.10	16.4	-32.4	-31.7	-1.9	-1.2	51.5	15.0	0.0	0.0	0.0	0.0	0.0	-9.3	0.0	0.0	0.0	0.0	0.0
13.20	16.4	-32.4	-31.7	-1.9	-1.2	51.5	15.0	0.0	0.0	0.0	0.0	0.0	-9.3	0.0	0.0	0.0	0.0	0.0
13.30	16.1	-32.3	-31.2	-1.4	-1.0	51.6	15.0	0.0	0.0	0.0	0.0	0.0	-7.7	0.0	0.0	0.0	0.0	0.0
13.40	16.1	-32.3	-31.2	-1.4	-1.0	51.6	15.0	0.0	0.0	0.0	0.0	0.0	-7.7	0.0	0.0	0.0	0.0	0.0
13.50	14.1	-31.8	-31.3	-1.4	-0.6	51.7	15.0	0.0	0.0	0.0	0.0	0.0	6.8	0.0	0.0	0.0	0.0	0.0
13.60	14.1	-31.8	-31.3	-1.4	-0.6	51.7	15.0	0.0	0.0	0.0	0.0	0.0	6.8	0.0	0.0	0.0	0.0	0.0
13.70	12.2	-32.2	-31.5	-2.1	-1.0	51.5	15.0	0.0	0.0	0.0	0.0	0.0	16.2	0.0	0.0	0.0	0.0	0.0
13.80	12.2	-32.2	-31.5	-2.1	-1.0	51.5	15.0	0.0	0.0	0.0	0.0	0.0	16.2	0.0	0.0	0.0	0.0	0.0
13.90	12.9	-31.9	-31.3	-1.2	-0.5	51.6	15.0	0.0	0.0	0.0	0.0	0.0	13.0	0.0	0.0	0.0	0.0	0.0
14.00	12.9	-31.9	-31.3	-1.2	-0.5	51.6	15.0	0.0	0.0	0.0	0.0	0.0	13.0	0.0	0.0	0.0	0.0	0.0
14.10	14.8	-32.4	-31.8	-2.1	-1.4	51.4	15.0	0.0	0.0	0.0	0.0	0.0	3.2	0.0	0.0	0.0	0.0	0.0
14.20	14.8	-32.4	-31.8	-2.1	-1.4	51.4	15.0	0.0	0.0	0.0	0.0	0.0	3.2	0.0	0.0	0.0	0.0	0.0
14.30	16.4	-32.5	-31.6	-1.5	-1.1	51.5	15.0	0.0	0.0	0.0	0.0	0.0	-9.2	0.0	0.0	0.0	0.0	0.0
14.40	16.4	-32.5	-31.6	-1.5	-1.1	51.5	15.0	0.0	0.0	0.0	0.0	0.0	-9.2	0.0	0.0	0.0	0.0	0.0
14.50	16.8	-32.3	-31.2	-2.4	-1.0	51.5	15.0	0.0	0.0	0.0	0.0	0.0	-11.5	0.0	0.0	0.0	0.0	0.0
14.60	16.8	-32.3	-31.2	-2.4	-1.0	51.5	15.0	0.0	0.0	0.0	0.0	0.0	-11.5	0.0	0.0	0.0	0.0	0.0
14.70	16.5	-32.4	-31.5	-1.5	-0.5	51.6	15.0	0.0	0.0	0.0	0.0	0.0	-9.8	0.0	0.0	0.0	0.0	0.0
14.80	16.5	-32.4	-31.5	-1.5	-0.5	51.6	15.0	0.0	0.0	0.0	0.0	0.0	-9.8	0.0	0.0	0.0	0.0	0.0
14.90	14.9	-32.4	-31.8	-2.1	-1.5	51.5	15.0	0.0	0.0	0.0	0.0	0.0	3.0	0.0	0.0	0.0	0.0	0.0
15.00	14.9	-32.4	-31.8	-2.1	-1.5	51.5	15.0	0.0	0.0	0.0	0.0	0.0	3.0	0.0	0.0	0.0	0.0	0.0
15.10	13.5	-32.8	-31.7	-2.1	-1.3	51.3	15.0	0.0	0.0	0.0	0.0	0.0	9.9	0.0	0.0	0.0	0.0	0.0
15.20	13.5	-32.8	-31.7	-2.1	-1.3	51.3	15.0	0.0	0.0	0.0	0.0	0.0	9.9	0.0	0.0	0.0	0.0	0.0
15.30	12.6	-32.3	-32.0	-2.1	-1.6	51.5	15.0	0.0	0.0	0.0	0.0	0.0	14.2	0.0	0.0	0.0	0.0	0.0
15.40	12.6	-32.3	-32.0	-2.1	-1.6	51.5	15.0	0.0	0.0	0.0	0.0	0.0	14.2	0.0	0.0	0.0	0.0	0.0
15.50	13.9	-32.6	-31.8	-2.2	-1.0	51.5	15.0	0.0	0.0	0.0	0.0	0.0	8.0	0.0	0.0	0.0	0.0	0.0
15.60	13.9	-32.6	-31.8	-2.2	-1.0	51.5	15.0	0.0	0.0	0.0	0.0	0.0	8.0	0.0	0.0	0.0	0.0	0.0
15.70	16.0	-32.2	-31.8	-1.9	-1.4	51.5	15.0	0.0	0.0	0.0	0.0	0.0	-7.3	0.0	0.0	0.0	0.0	0.0
15.80	16.0	-32.2	-31.8	-1.9	-1.4	51.5	15.0	0.0	0.0	0.0	0.0	0.0	-7.3	0.0	0.0	0.0	0.0	0.0
15.90	17.3	-32.6	-31.9	-2.3	-1.2	51.3	15.0	0.0	0.0	0.0	0.0	0.0	-13.6	0.0	0.0	0.0	0.0	0.0
16.00	17.3	-32.6	-31.9	-2.3	-1.2	51.3	15.0	0.0	0.0	0.0	0.0	0.0	-13.6	0.0	0.0	0.0	0.0	0.0
16.10	16.7	-32.3	-31.5	-1.9	-1.0	51.6	15.0	0.0	0.0	0.0	0.0	0.0	-11.0	0.0	0.0	0.0	0.0	0.0
16.20	16.7	-32.3	-31.5	-1.9	-1.0	51.6	15.0	0.0	0.0	0.0	0.0	0.0	-11.0	0.0	0.0	0.0	0.0	0.0
16.30	15.0	-32.3	-31.5	-2.2	-0.5	51.5	15.0	0.0	0.0	0.0	0.0	0.0	-2.4	0.0	0.0	0.0	0.0	0.0
16.40	15.0	-32.3	-31.5	-2.2	-0.5	51.5	15.0	0.0	0.0	0.0	0.0	0.0	-2.4	0.0	0.0	0.0	0.0	0.0
16.50	13.6	-32.2	-31.4	-1.5	-0.9	51.6	15.0	0.0	0.0	0.0	0.0	0.0	9.2	0.0	0.0	0.0	0.0	0.0
16.60	13.6	-32.2	-31.4	-1.5	-0.9	51.6	15.0	0.0	0.0	0.0	0.0	0.0	9.2	0.0	0.0	0.0	0.0	0.0
16.70	13.4	-32.1	-31.1	-1.6	-0.1	51.5	15.0	0.0	0.0	0.0	0.0	0.0	10.3	0.0	0.0	0.0	0.0	0.0
16.80	13.4	-32.1	-31.1	-1.6	-0.1	51.5	15.0	0.0	0.0	0.0	0.0	0.0	10.3	0.0	0.0	0.0	0.0	0.0
16.90	13.7	-32.2	-31.4	-1.4	-0.5	51.7	15.0	0.0	0.0	0.0	0.0	0.0	8.7	0.0	0.0	0.0	0.0	0.0
17.00	13.7	-32.2	-31.4	-1.4	-0.5	51.7	15.0	0.0	0.0	0.0	0.0	0.0	8.7	0.0	0.0	0.0	0.0	0.0
17.10	14.4	-32.1	-31.5	-2.2	-0.1	51.6	15.0	0.0	0.0	0.0	0.0	0.0	5.2	0.0	0.0	0.0	0.0	0.0
17.20	14.4	-32.1	-31.5	-2.2	-0.1	51.6	15.0	0.0	0.0	0.0	0.0	0.0	5.2	0.0	0.0	0.0	0.0	0.0
17.30	15.6	-32.6	-31.5	-2.1	-1.1	51.4	15.0	0.0	0.0	0.0	0.0	0.0	-5.5	0.0	0.0	0.0	0.0	0.0
17.40	15.6	-32.6	-31.5	-2.1	-1.1	51.4	15.0	0.0	0.0	0.0	0.0	0.0	-5.5	0.0	0.0	0.0	0.0	0.0
17.50	17.1	-32.4	-32.0	-1.0	-0.8	51.5	15.0	0.0	0.0	0.0	0.0	0.0	-12.9	0.0	0.0	0.0	0.0	0.0
17.60	17.1	-32.4	-32.0	-1.0	-0.8	51.5	15.0	0.0	0.0	0.0	0.0	0.0	-12.9	0.0	0.0	0.0	0.0	0.0
17.70	17.4	-32.8	-32.3	-1.6	-1.1	51.4	15.0	0.0	0.0	0.0	0.0	0.0	-14.1	0.0	0.0	0.0	0.0	0.0
17.80	17.4	-32.8	-32.3	-1.6	-1.1	51.4	15.0	0.0	0.0	0.0	0.0	0.0	-14.1	0.0	0.0	0.0	0.0	0.0
17.90	14.7	-32.2	-31.7	-1.7	-0.4	51.5	15.0	0.0	0.0	0.0	0.0	0.0	3.9	0.0	0.0	0.0	0.0	0.0
18.00	14.7	-32.2	-31.7	-1.7	-0.4	51.5	15.0	0.0	0.0	0.0	0.0	0.0	3.9	0.0	0.0	0.0	0.0	0.0
18.10	12.6	-32.6	-32.0	-2.2	-1.2	51.3	15.0	0.0	0.0	0.0	0.0	0.0	14.4	0.0	0.0	0.0	0.0	0.0
18.20	12.6	-32.6	-32.0	-2.2	-1.2	51.3	15.0	0.0	0.0	0.0	0.0	0.0	14.4	0.0	0.0	0.0	0.0	0.0
18.30	12.7	-32.1	-31.9	-1.5	-0.3	51.5	15.0	0.0	0.0	0.0	0.0	0.0	13.7	0.0	0.0	0.0	0.0	0.0
18.40	12.7	-32.1	-31.9	-1.5	-0.3	51.5	15.0	0.0	0.0	0.0	0.0	0.0	13.7	0.0	0.0	0.0	0.0	0.0
18.50	14.0	-32.2	-31.4	-1.7	-0.5	51.5	15.0	0.0	0.0	0.0	0.0	0.0	7.2	0.0	0.0	0.0	0.0	0.0
18.60	14.0	-32.2	-31.4	-1.7	-0.5	51.5	15.0	0.0	0.0	0.0	0.0	0.0	7.2	0.0	0.0	0.0	0.0	0.0
18.70	15.1	-32.4	-31.8	-2.1	-0.7	51.4	15.0	0.0	0.0	0.0	0.0	0.0	-3.0	0.0	0.0	0.0	0.0	0.0
18.80	15.1	-32.4	-31.8	-2.1	-0.7	51.4	15.0	0.0	0.0	0.0	0.0	0.0	-3.0	0.0	0.0	0.0	0.0	0.0
18.90	16.6	-32.3	-31.8	-2.5	-0.9	51.4	15.0	0.0	0.0	0.0	0.0	0.0	-10.5	0.0	0.0	0.0	0.0	0.0
19.00	16.6	-32.3	-31.8	-2.5	-0.9	51.4	15.0	0.0	0.0	0.0	0.0	0.0	-10.5	0.0	0.0	0.0	0.0	0.0
19.10	17.5	-32.5	-31.5	-1.9	-0.1	51.4	15.0	0.0	0.0	0.0	0.0	0.0	-14.8	0.0	0.0	0.0	0.0	0.0
19.20	17.5	-32.5	-31.5	-1.9	-0.1	51.4	15.0	0.0	0.0	0.0	0.0	0.0	-14.8	0.0	0.0	0.0	0.0	0.0
19.30	15.8	-32.4	-31.7	-2.2	-0.6	51.4	15.0	0.0	0.0	0.0	0.0	0.0	-6.4	0.0	0.0	0.0	0.0	0.0
19.40	15.8	-32.4	-31.7	-2.2	-0.6	51.4	15.0	0.0	0.0	0.0	0.0	0.0	-6.4	0.0	0.0	0.0	0.0	0.0
19.50	13.4	-32.8	-31.7	-2.1	-0.8	51.3	15.0	0.0	0.0	0.0	0.0	0.0	10.2	0.0	0.0	0.0	0.0	0.0
19.60	13.4	-32.8	-31.7	-2.1	-0.8	51.3	15.0	0.0	0.0	0.0	0.0	0.0	10.2	0.0	0.0	0.0	0.0	0.0
19.70	12.9	-32.2	-31.6	-2.4	-0.8	51.4	15.0	0.0	0.0	0.0	0.0	0.0	12.8	0.0	0.0	0.0	0.0	0.0
19.80	12.9	-32.2	-31.6	-2.4	-0.8	51.4	15.0	0.0	0.0	0.0	0.0	0.0	12.8	0.0	0.0	0.0	0.0	0.0
19.90	13.9	-32.4	-31.6	-1.6	-0.7	51.5	15.0	0.0	0.0	0.0	0.0	0.0	7.8	0.0	0.0	0.0	0.0	0.0
20.00	13.9	-32.4	-31.6	-1.6	-0.7	51.5	15.0	0.0	0.0	0.0	0.0	0.0	7.8	0.0	0.0	0.0	0.0	0.0
20.10	15.1	-32.2	-31.5	-1.8	-1.2	51.5	15.0	0.0	0.0	0.0	0.0	0.0	-2.7	0.0	0.0	0.0	0.0	0.0
20.20	15.1	-32.2	-31.5	-1.8	-1.2	51.5	15.0	0.0	0.0	0.0	0.0	0.0	-2.7	0.0	0.0	0.0	0.0	0.0
20.30	15.8	-32.2	-31.7	-1.5	-0.9	51.4	15.0	0.0	0.0	0.0	0.0	0.0	-6.3	0.0	0.0	0.0	0.0	0.0
20.40	15.8	-32.2	-31.7	-1.5	-0.9	51.4	15.0	0.0	0.0	0.0	0.0	0.0	-6.3	0.0	0.0	0.0	0.0	0.0
20.50	16.6	-32.0	-31.7	-1.9	-1.0	51.5	15.0	0.0	0.0	0.0	0.0	0.0	-10.2	0.0	0.0	0.0	0.0	0.0
20.60	16.6	-32.0	-31.7	-1.9	-1.0	51.5	15.0	0.0	0.0	0.0	0.0	0.0	-10.2	0.0	0.0	0.0	0.0	0.0
