0.00	-90.6	-31.0	-60.6	88.7	0.2	41.5	-90.0	-30.0	-60.0	90.0	-0.0	40.9	2.9	3.3	2.6	3.3	4.3	-4.2
0.10	-90.6	-31.0	-60.6	88.7	0.2	41.5	-90.0	-30.0	-60.0	90.0	-0.0	40.9	2.9	3.3	2.6	3.3	4.3	-4.2
0.20	-90.4	-31.0	-60.7	88.7	0.5	41.5	-90.0	-30.0	-60.0	90.0	-0.0	40.9	2.8	3.3	2.7	2.5	5.0	-4.1
0.30	-90.4	-31.0	-60.7	88.7	0.5	41.5	-90.0	-30.0	-60.0	90.0	-0.0	40.9	2.8	3.3	2.7	2.5	5.0	-4.1
0.40	-90.0	-30.9	-60.4	89.6	-0.1	41.6	-90.0	-30.0	-60.0	90.0	-0.0	40.9	2.5	3.2	2.4	3.3	2.6	-4.3
0.50	-90.0	-30.9	-60.4	89.6	-0.1	41.6	-90.0	-30.0	-60.0	90.0	-0.0	40.9	2.5	3.2	2.4	3.3	2.6	-4.3
0.60	-90.5	-30.3	-60.0	90.5	0.0	41.6	-90.0	-30.0	-60.0	90.0	-0.0	40.9	2.9	2.7	-2.0	-3.0	-2.9	-4.2
0.70	-90.5	-30.3	-60.0	90.5	0.0	41.6	-90.0	-30.0	-60.0	90.0	-0.0	40.9	2.9	2.7	-2.0	-3.0	-2.9	-4.2
0.80	-90.8	-31.0	-60.5	90.6	-1.4	41.5	-90.0	-30.0	-60.0	90.0	-0.0	40.9	3.2	3.3	2.5	5.4	-6.6	-4.1
0.90	-90.8	-31.0	-60.5	90.6	-1.4	41.5	-90.0	-30.0	-60.0	90.0	-0.0	40.9	3.2	3.3	2.5	5.4	-6.6	-4.1
1.00	-89.7	-30.5	-59.8	89.9	-0.1	41.5	-90.0	-30.0	-60.0	90.0	-0.0	40.9	-2.7	2.9	-2.2	2.7	-2.6	-4.2
1.10	-89.7	-30.5	-59.8	89.9	-0.1	41.5	-90.0	-30.0	-60.0	90.0	-0.0	40.9	-2.7	2.9	-2.2	2.7	-2.6	-4.2
1.20	-89.8	-30.9	-59.9	89.3	-0.1	41.7	-90.0	-30.0	-60.0	90.0	-0.0	40.9	-2.6	3.2	-2.1	3.5	2.9	-4.3
1.30	-89.8	-30.9	-59.9	89.3	-0.1	41.7	-90.0	-30.0	-60.0	90.0	-0.0	40.9	-2.6	3.2	-2.1	3.5	2.9	-4.3
1.40	-90.7	-30.7	-60.2	88.6	0.2	41.5	-90.0	-30.0	-60.0	90.0	-0.0	40.9	3.1	3.0	2.2	3.5	4.3	-4.1
1.50	-90.7	-30.7	-60.2	88.6	0.2	41.5	-90.0	-30.0	-60.0	90.0	-0.0	40.9	3.1	3.0	2.2	3.5	4.3	-4.1
1.60	-90.8	-31.1	-60.1	88.8	-0.1	41.5	-90.0	-30.0	-60.0	90.0	-0.0	40.9	3.1	3.4	2.1	4.0	3.4	-4.1
1.70	-90.8	-31.1	-60.1	88.8	-0.1	41.5	-90.0	-30.0	-60.0	90.0	-0.0	40.9	3.1	3.4	2.1	4.0	3.4	-4.1
1.80	-89.9	-30.7	-60.6	88.9	0.7	41.5	-90.0	-30.0	-60.0	90.0	-0.0	40.9	-2.6	3.0	2.6	-3.1	5.2	-4.1
1.90	-89.9	-30.7	-60.6	88.9	0.7	41.5	-90.0	-30.0	-60.0	90.0	-0.0	40.9	-2.6	3.0	2.6	-3.1	5.2	-4.1
2.00	-89.4	-30.6	-60.4	89.3	0.4	41.7	-90.0	-30.0	-60.0	90.0	-0.0	40.9	-3.0	3.0	2.4	-2.7	4.1	-4.3
2.10	-89.4	-30.6	-60.4	89.3	0.4	41.7	-90.0	-30.0	-60.0	90.0	-0.0	40.9	-3.0	3.0	2.4	-2.7	4.1	-4.3
2.20	-90.7	-31.0	-60.3	89.2	-0.4	41.5	-90.0	-30.0	-60.0	90.0	-0.0	40.9	3.1	3.3	2.3	4.2	-2.7	-4.1
2.30	-90.7	-31.0	-60.3	89.2	-0.4	41.5	-90.0	-30.0	-60.0	90.0	-0.0	40.9	3.1	3.3	2.3	4.2	-2.7	-4.1
2.40	-90.7	-30.9	-60.6	90.0	-0.8	41.4	-90.0	-30.0	-60.0	90.0	-0.0	40.9	3.1	3.2	2.6	4.6	-4.6	-4.1
2.50	-90.7	-30.9	-60.6	90.0	-0.8	41.4	-90.0	-30.0	-60.0	90.0	-0.0	40.9	3.1	3.2	2.6	4.6	-4.6	-4.1
2.60	-90.1	-31.1	-60.2	89.8	-1.0	41.4	-90.0	-30.0	-60.0	90.0	-0.0	40.9	2.6	3.4	2.2	5.2	-4.8	-4.1
2.70	-90.1	-31.1	-60.2	89.8	-1.0	41.4	-90.0	-30.0	-60.0	90.0	-0.0	40.9	2.6	3.4	2.2	5.2	-4.8	-4.1
2.80	-90.4	-30.8	-60.4	89.1	-1.1	41.4	-90.0	-30.0	-60.0	90.0	-0.0	40.9	2.8	3.2	2.4	6.2	-4.4	-4.0
2.90	-90.4	-30.8	-60.4	89.1	-1.1	41.4	-90.0	-30.0	-60.0	90.0	-0.0	40.9	2.8	3.2	2.4	6.2	-4.4	-4.0
3.00	-90.4	-30.9	-60.3	89.1	0.1	41.5	-90.0	-30.0	-60.0	90.0	-0.0	40.9	2.8	3.2	2.3	3.2	3.7	-4.2
3.10	-90.4	-30.9	-60.3	89.1	0.1	41.5	-90.0	-30.0	-60.0	90.0	-0.0	40.9	2.8	3.2	2.3	3.2	3.7	-4.2
3.20	-90.5	-30.6	-60.3	89.2	0.6	41.4	-90.0	-30.0	-60.0	90.0	-0.0	40.9	2.9	3.0	2.3	-3.1	4.8	-4.1
3.30	-90.5	-30.6	-60.3	89.2	0.6	41.4	-90.0	-30.0	-60.0	90.0	-0.0	40.9	2.9	3.0	2.3	-3.1	4.8	-4.1
3.40	-89.9	-30.8	-60.0	89.1	1.1	41.6	-90.0	-30.0	-60.0	90.0	-0.0	40.9	-2.6	3.1	-2.0	-4.5	6.2	-4.3
3.50	-89.9	-30.8	-60.0	89.1	1.1	41.6	-90.0	-30.0	-60.0	90.0	-0.0	40.9	-2.6	3.1	-2.0	-4.5	6.2	-4.3
3.60	-90.4	-31.0	-60.7	89.0	0.2	41.4	-90.0	-30.0	-60.0	90.0	-0.0	40.9	2.8	3.3	2.7	3.0	4.0	-4.1
3.70	-90.4	-31.0	-60.7	89.0	0.2	41.4	-90.0	-30.0	-60.0	90.0	-0.0	40.9	2.8	3.3	2.7	3.0	4.0	-4.1
3.80	-90.7	-31.1	-60.8	89.6	-0.2	41.5	-90.0	-30.0	-60.0	90.0	-0.0	40.9	3.1	3.4	2.8	3.5	-2.6	-4.1
3.90	-90.7	-31.1	-60.8	89.6	-0.2	41.5	-90.0	-30.0	-60.0	90.0	-0.0	40.9	3.1	3.4	2.8	3.5	-2.6	-4.1
4.00	-90.7	-30.9	-60.3	90.5	-0.2	41.5	-90.0	-30.0	-60.0	90.0	-0.0	40.9	3.1	3.2	2.3	2.6	-3.6	-4.1
4.10	-90.7	-30.9	-60.3	90.5	-0.2	41.5	-90.0	-30.0	-60.0	90.0	-0.0	40.9	3.1	3.2	2.3	2.6	-3.6	-4.1
4.20	-90.6	-31.0	-60.6	90.7	-0.8	41.5	-90.0	-30.0	-60.0	90.0	-0.0	40.9	3.0	3.3	2.6	3.9	-5.2	-4.1
4.30	-90.6	-31.0	-60.6	90.7	-0.8	41.5	-90.0	-30.0	-60.0	90.0	-0.0	40.9	3.0	3.3	2.6	3.9	-5.2	-4.1
4.40	-90.5	-31.1	-60.6	89.8	-0.7	41.4	-90.0	-30.0	-60.0	90.0	-0.0	40.9	2.9	3.4	2.6	4.4	-4.1	-4.1
4.50	-90.5	-31.1	-60.6	89.8	-0.7	41.4	-90.0	-30.0	-60.0	90.0	-0.0	40.9	2.9	3.4	2.6	4.4	-4.1	-4.1
4.60	-90.4	-30.8	-60.2	89.7	-0.2	41.5	-90.0	-30.0	-60.0	90.0	-0.0	40.9	2.8	3.1	2.2	3.2	-2.7	-4.1
4.70	-90.4	-30.8	-60.2	89.7	-0.2	41.5	-90.0	-30.0	-60.0	90.0	-0.0	40.9	2.8	3.1	2.2	3.2	-2.7	-4.1
4.80	-90.2	-30.8	-60.6	90.0	0.4	41.6	-90.0	-30.0	-60.0	90.0	-0.0	40.9	2.6	3.2	2.6	-3.4	3.4	-4.2
4.90	-90.2	-30.8	-60.6	90.0	0.4	41.6	-90.0	-30.0	-60.0	90.0	-0.0	40.9	2.6	3.2	2.6	-3.4	3.4	-4.2
5.00	-90.3	-30.7	-60.6	89.4	-0.4	41.4	-90.0	-30.0	-60.0	90.0	-0.0	40.9	2.7	3.1	2.6	3.9	-2.8	-4.1
5.10	-90.3	-30.7	-60.6	89.4	-0.4	41.4	-90.0	-30.0	-60.0	90.0	-0.0	40.9	2.7	3.1	2.6	3.9	-2.8	-4.1
5.20	-90.2	-31.1	-60.7	88.6	0.2	41.5	-90.0	-30.0	-60.0	90.0	-0.0	40.9	2.6	3.4	2.7	3.5	4.3	-4.1
5.30	-90.2	-31.1	-60.7	88.6	0.2	41.5	-90.0	-30.0	-60.0	90.0	-0.0	40.9	2.6	3.4	2.7	3.5	4.3	-4.1
5.40	-90.3	-30.7	-60.5	88.8	0.0	41.5	-90.0	-30.0	-60.0	90.0	-0.0	40.9	2.8	3.0	2.5	3.7	3.8	-4.1
5.50	-90.3	-30.7	-60.5	88.8	0.0	41.5	-90.0	-30.0	-60.0	90.0	-0.0	40.9	2.8	3.0	2.5	3.7	3.8	-4.1
5.60	-90.8	-31.1	-60.2	89.6	0.2	41.5	-90.0	-30.0	-60.0	90.0	-0.0	40.9	3.2	3.4	2.2	2.5	3.3	-4.1
5.70	-90.8	-31.1	-60.2	89.6	0.2	41.5	-90.0	-30.0	-60.0	90.0	-0.0	40.9	3.2	3.4	2.2	2.5	3.3	-4.1
5.80	-90.6	-30.8	-60.4	89.7	-0.5	41.4	-90.0	-30.0	-60.0	90.0	-0.0	40.9	2.9	3.2	2.4	4.0	-3.5	-4.1
5.90	-90.6	-30.8	-60.4	89.7	-0.5	41.4	-90.0	-30.0	-60.0	90.0	-0.0	40.9	2.9	3.2	2.4	4.0	-3.5	-4.1
6.00	-90.2	-30.9	-60.5	89.6	0.1	41.5	-90.0	-30.0	-60.0	90.0	-0.0	40.9	2.7	3.2	2.5	2.6	3.2	-4.2
6.10	-90.2	-30.9	-60.5	89.6	0.1	41.5	-90.0	-30.0	-60.0	90.0	-0.0	40.9	2.7	3.2	2.5	2.6	3.2	-4.2
6.20	-90.4	-30.9	-59.8	89.8	-0.4	41.4	-90.0	-30.0	-60.0	90.0	-0.0	40.9	2.8	3.2	-2.2	3.5	-3.2	-4.1
6.30	-90.4	-30.9	-59.8	89.8	-0.4	41.4	-90.0	-30.0	-60.0	90.0	-0.0	40.9	2.8	3.2	-2.2	3.5	-3.2	-4.1
6.40	-91.1	-31.0	-60.6	89.6	-0.3	41.4	-90.0	-30.0	-60.0	90.0	-0.0	40.9	3.4	3.3	2.6	3.8	-2.9	-4.1
6.50	-91.1	-31.0	-60.6	89.6	-0.3	41.4	-90.0	-30.0	-60.0	90.0	-0.0	40.9	3.4	3.3	2.6	3.8	-2.9	-4.1
6.60	-90.4	-30.9	-60.7	89.4	-0.6	41.4	-90.0	-30.0	-60.0	90.0	-0.0	40.9	2.8	3.2	2.7	4.5	-3.3	-4.1
6.70	-90.4	-30.9	-60.7	89.4	-0.6	41.4	-90.0	-30.0	-60.0	90.0	-0.0	40.9	2.8	3.2	2.7	4.5	-3.3	-4.1
6.80	-89.6	-30.5	-60.6	89.4	0.7	41.6	-90.0	-30.0	-60.0	90.0	-0.0	40.9	-2.8	2.9	2.6	-3.6	4.7	-4.3
6.90	-89.6	-30.5	-60.6	89.4	0.7	41.6	-90.0	-30.0	-60.0	90.0	-0.0	40.9	-2.8	2.9	2.6	-3.6	4.7	-4.3
7.00	-90.0	-30.8	-60.7	89.1	0.3	41.5	-90.0	-30.0	-60.0	90.0	-0.0	40.9	-2.5	3.1	2.7	2.7	4.1	-4.2
7.10	-90.0	-30.8	-60.7	89.1	0.3	41.5	-90.0	-30.0	-60.0	90.0	-0.0	40.9	-2.5	3.1	2.7	2.7	4.1	-4.2
7.20	-90.7	-30.7	-60.8	89.3	0.3	41.6	-90.0	-30.0	-60.0	90.0	-0.0	40.9	3.1	3.1	2.8	2.6	3.9	-4.2
7.30	-90.7	-30.7	-60.8	89.3	0.3	41.6	-90.0	-30.0	-60.0	90.0	-0.0	40.9	3.1	3.1	2.8	2.6	3.9	-4.2
7.40	-90.4	-31.0	-60.2	89.6	-0.1	41.5	-90.0	-30.0	-60.0	90.0	-0.0	40.9	2.8	3.3	2.2	3.1	2.6	-4.2
7.50	-90.4	-31.0	-60.2	89.6	-0.1	41.5	-90.0	-30.0	-60.0	90.0	-0.0	40.9	2.8	3.3	2.2	3.1	2.6	-4.2
7.60	-89.7	-30.5	-59.8	89.8	0.6	41.6	-90.0	-30.0	-60.0	90.0	-0.0	40.9	-2.7	2.9	-2.2	-3.8	4.2	-4.3
7.70	-89.7	-30.5	-59.8	89.8	0.6	41.6	-90.0	-30.0	-60.0	90.0	-0.0	40.9	-2.7	2.9	-2.2	-3.8	4.2	-4.3
7.80	-90.3	-31.1	-60.5	89.8	-0.4	41.5	-90.0	-30.0	-60.0	90.0	-0.0	40.9	2.8	3.4	2.5	3.8	-3.4	-4.1
7.90	-90.3	-31.1	-60.5	89.8	-0.4	41.5	-90.0	-30.0	-60.0	90.0	-0.0	40.9	2.8	3.4	2.5	3.8	-3.4	-4.1
8.00	-90.7	-30.8	-60.1	89.9	-0.6	41.5	-90.0	-30.0	-60.0	90.0	-0.0	40.9	3.1	3.1	2.1	4.2	-3.9	-4.1
8.10	-90.7	-30.8	-60.1	89.9	-0.6	41.5	-90.0	-30.0	-60.0	90.0	-0.0	40.9	3.1	3.1	2.1	4.2	-3.9	-4.1
8.20	-90.3	-30.9	-60.2	89.9	-0.7	41.5	-90.0	-30.0	-60.0	90.0	-0.0	40.9	2.8	3.2	2.2	4.3	-4.0	-4.2
8.30	-90.3	-30.9	-60.2	89.9	-0.7	41.5	-90.0	-30.0	-60.0	90.0	-0.0	40.9	2.8	3.2	2.2	4.3	-4.0	-4.2
8.40	-90.3	-31.1	-60.2	88.8	-0.5	41.4	-90.0	-30.0	-60.0	90.0	-0.0	40.9	2.7	3.4	2.2	5.1	-2.7	-4.1
8.50	-90.3	-31.1	-60.2	88.8	-0.5	41.4	-90.0	-30.0	-60.0	90.0	-0.0	40.9	2.7	3.4	2.2	5.1	-2.7	-4.1
8.60	-90.5	-31.2	-60.2	88.2	-0.7	41.4	-90.5	-31.2	-60.4	88.9	-0.8	40.9	2.5	2.5	-2.2	2.7	3.6	-4.1
8.70	-90.5	-31.2	-60.2	88.2	-0.7	41.4	-90.5	-31.2	-60.4	88.9	-0.8	40.9	2.5	2.5	-2.2	2.7	3.6	-4.1
8.80	-90.7	-31.3	-60.3	88.4	-0.4	41.5	-90.4	-31.1	-60.4	88.9	-0.8	40.9	2.8	2.6	-2.1	-3.2	4.2	-4.1
8.90	-90.7	-31.3	-60.3	88.4	-0.4	41.5	-90.4	-31.1	-60.4	88.9	-0.8	40.9	2.8	2.6	-2.1	-3.2	4.2	-4.1
9.00	-90.5	-31.2	-60.1	88.9	-0.2	41.6	-90.1	-31.0	-60.2	88.6	-0.8	40.9	2.8	2.6	-2.0	-4.4	3.6	-4.2
9.10	-90.5	-31.2	-60.1	88.9	-0.2	41.6	-90.1	-31.0	-60.2	88.6	-0.8	40.9	2.8	2.6	-2.0	-4.4	3.6	-4.2
9.20	-90.3	-31.6	-60.0	88.4	-0.9	41.4	-89.7	-30.9	-59.9	88.2	-0.8	40.9	3.0	3.0	2.1	2.5	-3.0	-4.1
9.30	-90.3	-31.6	-60.0	88.4	-0.9	41.4	-89.7	-30.9	-59.9	88.2	-0.8	40.9	3.0	3.0	2.1	2.5	-3.0	-4.1
9.40	-90.3	-31.3	-60.2	88.5	-1.2	41.5	-89.1	-30.7	-59.6	87.6	-0.8	40.9	3.5	3.0	2.6	-2.5	-4.3	-4.1
9.50	-90.3	-31.3	-60.2	88.5	-1.2	41.5	-89.1	-30.7	-59.6	87.6	-0.8	40.9	3.5	3.0	2.6	-2.5	-4.3	-4.1
9.60	-90.4	-31.5	-60.1	88.2	-1.8	41.5	-88.3	-30.4	-59.1	86.8	-0.8	40.9	4.2	3.4	3.0	3.6	-6.4	-4.1
9.70	-90.4	-31.5	-60.1	88.2	-1.8	41.5	-88.3	-30.4	-59.1	86.8	-0.8	40.9	4.2	3.4	3.0	3.6	-6.4	-4.1
9.80	-90.1	-31.3	-60.1	87.7	-1.7	41.5	-87.3	-30.0	-58.4	85.8	-0.8	40.9	4.7	3.5	3.6	2.9	-6.7	-4.2
9.90	-90.1	-31.3	-60.1	87.7	-1.7	41.5	-87.3	-30.0	-58.4	85.8	-0.8	40.9	4.7	3.5	3.6	2.9	-6.7	-4.2
10.00	-89.2	-31.6	-60.3	85.9	-1.6	41.3	-85.2	-29.4	-57.2	83.8	-0.8	40.9	5.7	4.3	5.1	2.5	-6.7	-4.0
10.10	-89.2	-31.6	-60.3	85.9	-1.6	41.3	-85.2	-29.4	-57.2	83.8	-0.8	40.9	5.7	4.3	5.1	2.5	-6.7	-4.0
10.20	-88.2	-31.3	-59.5	84.8	-0.1	41.5	-83.6	-28.8	-56.2	82.1	-0.8	40.9	6.2	4.5	5.4	-6.8	-3.4	-4.2
10.30	-88.2	-31.3	-59.5	84.8	-0.1	41.5	-83.6	-28.8	-56.2	82.1	-0.8	40.9	6.2	4.5	5.4	-6.8	-3.4	-4.2
10.40	-86.8	-30.7	-58.8	84.0	0.6	41.6	-81.6	-28.1	-55.0	80.2	-0.8	40.9	6.6	4.6	5.8	-9.6	-2.8	-4.2
10.50	-86.8	-30.7	-58.8	84.0	0.6	41.6	-81.6	-28.1	-55.0	80.2	-0.8	40.9	6.6	4.6	5.8	-9.6	-2.8	-4.2
10.60	-85.4	-30.3	-57.7	83.0	1.1	41.7	-79.4	-27.4	-53.7	78.1	-0.7	40.9	7.3	4.9	6.0	-11.8	-2.9	-4.3
10.70	-85.4	-30.3	-57.7	83.0	1.1	41.7	-79.4	-27.4	-53.7	78.1	-0.7	40.9	7.3	4.9	6.0	-11.8	-2.9	-4.3
10.80	-83.0	-29.2	-56.4	81.1	0.2	41.6	-77.0	-26.5	-52.2	75.7	-0.7	40.9	7.3	4.6	6.3	-10.1	-5.6	-4.2
10.90	-83.0	-29.2	-56.4	81.1	0.2	41.6	-77.0	-26.5	-52.2	75.7	-0.7	40.9	7.3	4.6	6.3	-10.1	-5.6	-4.2
11.00	-80.4	-28.2	-55.2	79.6	0.4	41.8	-72.9	-25.1	-49.7	71.7	-0.7	40.9	8.5	5.0	7.6	-13.1	-7.7	-4.5
11.10	-80.4	-28.2	-55.2	79.6	0.4	41.8	-72.9	-25.1	-49.7	71.7	-0.7	40.9	8.5	5.0	7.6	-13.1	-7.7	-4.5
11.20	-77.8	-26.4	-53.4	77.6	-0.0	41.9	-70.0	-24.1	-47.8	68.8	-0.6	40.9	8.8	4.4	7.5	-12.9	-9.8	-4.6
11.30	-77.8	-26.4	-53.4	77.6	-0.0	41.9	-70.0	-24.1	-47.8	68.8	-0.6	40.9	8.8	4.4	7.5	-12.9	-9.8	-4.6
11.40	-75.8	-25.9	-51.4	74.5	-0.4	41.7	-66.8	-23.0	-45.9	65.7	-0.6	40.9	9.7	4.8	7.5	-11.9	-10.7	-4.3
11.50	-75.8	-25.9	-51.4	74.5	-0.4	41.7	-66.8	-23.0	-45.9	65.7	-0.6	40.9	9.7	4.8	7.5	-11.9	-10.7	-4.3
11.60	-72.3	-24.2	-49.3	70.4	-0.4	41.8	-63.5	-21.9	-43.9	62.4	-0.6	40.9	9.6	4.4	7.5	-10.9	-10.1	-4.4
11.70	-72.3	-24.2	-49.3	70.4	-0.4	41.8	-63.5	-21.9	-43.9	62.4	-0.6	40.9	9.6	4.4	7.5	-10.9	-10.1	-4.4
11.80	-68.7	-23.0	-47.0	66.7	0.0	42.0	-60.0	-20.7	-41.7	59.0	-0.6	40.9	9.5	4.4	7.3	-11.7	-8.7	-4.7
11.90	-68.7	-23.0	-47.0	66.7	0.0	42.0	-60.0	-20.7	-41.7	59.0	-0.6	40.9	9.5	4.4	7.3	-11.7	-8.7	-4.7
12.00	-66.5	-21.9	-44.9	61.9	-1.1	41.9	-54.6	-18.8	-38.4	53.7	-0.5	40.9	12.1	5.0	8.5	-9.2	-12.3	-4.5
12.10	-66.5	-21.9	-44.9	61.9	-1.1	41.9	-54.6	-18.8	-38.4	53.7	-0.5	40.9	12.1	5.0	8.5	-9.2	-12.3	-4.5
12.20	-63.0	-20.8	-42.8	57.4	-0.8	41.6	-50.9	-17.5	-36.2	50.0	-0.5	40.9	12.2	5.1	8.6	-9.1	-10.7	-4.3
12.30	-63.0	-20.8	-42.8	57.4	-0.8	41.6	-50.9	-17.5	-36.2	50.0	-0.5	40.9	12.2	5.1	8.6	-9.1	-10.7	-4.3
12.40	-58.8	-19.3	-40.2	52.7	-0.6	41.8	-47.1	-16.2	-33.9	46.3	-0.4	40.9	11.9	4.9	8.3	-8.5	-9.3	-4.4
12.50	-58.8	-19.3	-40.2	52.7	-0.6	41.8	-47.1	-16.2	-33.9	46.3	-0.4	40.9	11.9	4.9	8.3	-8.5	-9.3	-4.4
12.60	-55.3	-17.8	-37.2	47.8	-0.3	41.8	-43.3	-14.9	-31.5	42.6	-0.4	40.9	12.1	4.8	7.7	-7.9	-7.5	-4.5
12.70	-55.3	-17.8	-37.2	47.8	-0.3	41.8	-43.3	-14.9	-31.5	42.6	-0.4	40.9	12.1	4.8	7.7	-7.9	-7.5	-4.5
12.80	-52.2	-16.6	-35.2	44.0	-0.2	41.7	-39.6	-13.6	-29.2	38.9	-0.4	40.9	12.6	4.9	7.9	-7.9	-7.2	-4.3
12.90	-52.2	-16.6	-35.2	44.0	-0.2	41.7	-39.6	-13.6	-29.2	38.9	-0.4	40.9	12.6	4.9	7.9	-7.9	-7.2	-4.3
13.00	-47.6	-14.6	-32.6	40.4	0.5	41.5	-34.1	-11.7	-25.9	33.5	-0.3	40.9	13.3	4.8	8.8	-11.4	-7.5	-4.2
13.10	-47.6	-14.6	-32.6	40.4	0.5	41.5	-34.1	-11.7	-25.9	33.5	-0.3	40.9	13.3	4.8	8.8	-11.4	-7.5	-4.2
13.20	-42.4	-12.8	-29.9	36.5	1.2	41.8	-30.5	-10.5	-23.7	30.0	-0.3	40.9	12.1	4.3	8.3	-12.7	-5.4	-4.4
13.30	-42.4	-12.8	-29.9	36.5	1.2	41.8	-30.5	-10.5	-23.7	30.0	-0.3	40.9	12.1	4.3	8.3	-12.7	-5.4	-4.4
13.40	-38.7	-11.0	-27.5	32.2	1.1	41.6	-27.0	-9.3	-21.5	26.5	-0.2	40.9	11.8	3.9	8.0	-11.5	-4.7	-4.3
13.50	-38.7	-11.0	-27.5	32.2	1.1	41.6	-27.0	-9.3	-21.5	26.5	-0.2	40.9	11.8	3.9	8.0	-11.5	-4.7	-4.3
13.60	-34.7	-9.8	-24.8	28.7	1.1	41.6	-23.7	-8.2	-19.5	23.3	-0.2	40.9	11.3	3.8	7.3	-11.1	-4.8	-4.2
13.70	-34.7	-9.8	-24.8	28.7	1.1	41.6	-23.7	-8.2	-19.5	23.3	-0.2	40.9	11.3	3.8	7.3	-11.1	-4.8	-4.2
13.80	-30.3	-8.1	-21.8	25.2	0.2	41.6	-20.5	-7.1	-17.6	20.2	-0.2	40.9	10.4	3.4	6.3	-8.4	-6.6	-4.3
13.90	-30.3	-8.1	-21.8	25.2	0.2	41.6	-20.5	-7.1	-17.6	20.2	-0.2	40.9	10.4	3.4	6.3	-8.4	-6.6	-4.3
14.00	-25.7	-7.0	-19.2	21.8	0.0	41.7	-16.1	-5.5	-14.9	15.8	-0.1	40.9	10.1	3.6	6.3	-8.9	-8.0	-4.3
14.10	-25.7	-7.0	-19.2	21.8	0.0	41.7	-16.1	-5.5	-14.9	15.8	-0.1	40.9	10.1	3.6	6.3	-8.9	-8.0	-4.3
14.20	-21.9	-5.6	-16.4	18.2	-0.4	41.7	-13.5	-4.6	-13.2	13.2	-0.1	40.9	9.3	3.3	5.2	-6.8	-8.2	-4.3
14.30	-21.9	-5.6	-16.4	18.2	-0.4	41.7	-13.5	-4.6	-13.2	13.2	-0.1	40.9	9.3	3.3	5.2	-6.8	-8.2	-4.3
14.40	-18.3	-4.4	-14.0	15.7	0.5	41.8	-11.0	-3.8	-11.8	10.8	-0.1	40.9	8.3	3.0	4.3	-8.9	-5.9	-4.4
14.50	-18.3	-4.4	-14.0	15.7	0.5	41.8	-11.0	-3.8	-11.8	10.8	-0.1	40.9	8.3	3.0	4.3	-8.9	-5.9	-4.4
14.60	-14.8	-4.0	-12.2	11.1	0.1	41.9	-8.8	-3.0	-10.4	8.7	-0.1	40.9	7.3	3.3	3.8	-5.3	-4.5	-4.5
14.70	-14.8	-4.0	-12.2	11.1	0.1	41.9	-8.8	-3.0	-10.4	8.7	-0.1	40.9	7.3	3.3	3.8	-5.3	-4.5	-4.5
14.80	-11.5	-3.5	-10.4	7.5	-0.3	41.6	-6.9	-2.4	-9.2	6.8	-0.1	40.9	6.2	3.4	3.1	-2.7	-3.7	-4.3
14.90	-11.5	-3.5	-10.4	7.5	-0.3	41.6	-6.9	-2.4	-9.2	6.8	-0.1	40.9	6.2	3.4	3.1	-2.7	-3.7	-4.3
15.00	-9.1	-2.9	-9.4	4.9	-0.8	41.6	-4.5	-1.5	-7.8	4.4	-0.0	40.9	6.2	3.6	3.6	3.9	-4.8	-4.2
15.10	-9.1	-2.9	-9.4	4.9	-0.8	41.6	-4.5	-1.5	-7.8	4.4	-0.0	40.9	6.2	3.6	3.6	3.9	-4.8	-4.2
15.20	-6.9	-2.0	-8.3	3.8	-0.1	41.5	-3.2	-1.1	-7.0	3.2	-0.0	40.9	5.5	3.2	3.4	-2.8	-3.4	-4.1
15.30	-6.9	-2.0	-8.3	3.8	-0.1	41.5	-3.2	-1.1	-7.0	3.2	-0.0	40.9	5.5	3.2	3.4	-2.8	-3.4	-4.1
15.40	-4.4	-1.3	-7.3	2.3	-0.0	41.7	-2.2	-0.7	-6.3	2.1	-0.0	40.9	4.3	2.9	2.9	-2.7	-2.7	-4.3
15.50	-4.4	-1.3	-7.3	2.3	-0.0	41.7	-2.2	-0.7	-6.3	2.1	-0.0	40.9	4.3	2.9	2.9	-2.7	-2.7	-4.3
15.60	-2.6	-0.8	-6.9	1.0	0.5	41.5	-1.4	-0.5	-5.8	1.3	-0.0	40.9	3.5	2.8	3.1	-3.4	4.0	-4.1
15.70	-2.6	-0.8	-6.9	1.0	0.5	41.5	-1.4	-0.5	-5.8	1.3	-0.0	40.9	3.5	2.8	3.1	-3.4	4.0	-4.1
15.80	-1.1	-0.5	-6.2	0.1	0.4	41.5	-0.8	-0.3	-5.5	0.8	-0.0	40.9	2.8	2.7	2.7	-2.9	4.1	-4.1
15.90	-1.1	-0.5	-6.2	0.1	0.4	41.5	-0.8	-0.3	-5.5	0.8	-0.0	40.9	2.8	2.7	2.7	-2.9	4.1	-4.1
16.00	-0.5	-0.0	-5.4	0.1	1.4	41.6	-0.2	-0.1	-5.1	0.2	-0.0	40.9	2.7	-2.6	2.2	-6.0	6.2	-4.2
16.10	-0.5	-0.0	-5.4	0.1	1.4	41.6	-0.2	-0.1	-5.1	0.2	-0.0	40.9	2.7	-2.6	2.2	-6.0	6.2	-4.2
16.20	0.1	0.0	-5.1	-0.4	0.2	41.6	-0.1	-0.0	-5.0	0.1	-0.0	40.9	-2.7	-2.5	2.0	-2.6	3.5	-4.2
16.30	0.1	0.0	-5.1	-0.4	0.2	41.6	-0.1	-0.0	-5.0	0.1	-0.0	40.9	-2.7	-2.5	2.0	-2.6	3.5	-4.2
16.40	0.8	0.1	-4.9	-0.5	-0.2	41.5	-0.0	-0.0	-5.0	0.0	-0.0	40.9	-3.2	-2.6	-2.1	3.5	-2.5	-4.2
16.50	0.8	0.1	-4.9	-0.5	-0.2	41.5	-0.0	-0.0	-5.0	0.0	-0.0	40.9	-3.2	-2.6	-2.1	3.5	-2.5	-4.2
16.60	1.1	0.3	-4.3	-0.7	-0.8	41.5	0.0	0.0	-5.0	0.0	0.0	40.9	-3.3	-2.7	-2.7	5.3	-3.9	-4.1
16.70	1.1	0.3	-4.3	-0.7	-0.8	41.5	0.0	0.0	-5.0	0.0	0.0	40.9	-3.3	-2.7	-2.7	5.3	-3.9	-4.1
16.80	0.7	0.2	-4.0	-0.2	-0.3	41.6	0.0	0.0	-5.0	0.0	0.0	40.9	-3.0	-2.6	-3.0	3.5	-3.1	-4.2
16.90	0.7	0.2	-4.0	-0.2	-0.3	41.6	0.0	0.0	-5.0	0.0	0.0	40.9	-3.0	-2.6	-3.0	3.5	-3.1	-4.2
17.00	0.4	0.1	-4.3	-1.1	-1.2	41.4	0.0	0.0	-5.0	0.0	0.0	40.9	-2.8	-2.6	-2.7	6.6	-4.5	-4.0
17.10	0.4	0.1	-4.3	-1.1	-1.2	41.4	0.0	0.0	-5.0	0.0	0.0	40.9	-2.8	-2.6	-2.7	6.6	-4.5	-4.0
17.20	1.0	-0.0	-4.0	-1.2	-0.5	41.5	0.0	0.0	-5.0	0.0	0.0	40.9	-3.3	2.5	-3.0	4.9	2.5	-4.1
17.30	1.0	-0.0	-4.0	-1.2	-0.5	41.5	0.0	0.0	-5.0	0.0	0.0	40.9	-3.3	2.5	-3.0	4.9	2.5	-4.1
17.40	1.0	0.4	-4.0	-1.6	0.1	41.5	0.0	0.0	-5.0	0.0	0.0	40.9	-3.3	-2.8	-3.0	3.9	4.3	-4.1
17.50	1.0	0.4	-4.0	-1.6	0.1	41.5	0.0	0.0	-5.0	0.0	0.0	40.9	-3.3	-2.8	-3.0	3.9	4.3	-4.1
17.60	0.2	0.2	-4.3	-1.9	0.6	41.5	0.0	0.0	-5.0	0.0	0.0	40.9	-2.7	-2.6	-2.7	2.8	5.9	-4.1
17.70	0.2	0.2	-4.3	-1.9	0.6	41.5	0.0	0.0	-5.0	0.0	0.0	40.9	-2.7	-2.6	-2.7	2.8	5.9	-4.1
17.80	0.4	0.6	-4.1	-1.2	1.3	41.6	0.0	0.0	-5.0	0.0	0.0	40.9	-2.9	-3.0	-2.9	-4.4	6.8	-4.2
17.90	0.4	0.6	-4.1	-1.2	1.3	41.6	0.0	0.0	-5.0	0.0	0.0	40.9	-2.9	-3.0	-2.9	-4.4	6.8	-4.2
18.00	0.8	0.5	-4.4	-0.8	0.7	41.6	0.0	0.0	-5.0	0.0	0.0	40.9	-3.1	-2.9	-2.6	-3.5	5.1	-4.2
18.10	0.8	0.5	-4.4	-0.8	0.7	41.6	0.0	0.0	-5.0	0.0	0.0	40.9	-3.1	-2.9	-2.6	-3.5	5.1	-4.2
18.20	0.5	0.4	-4.6	-1.0	-0.1	41.5	0.0	0.0	-5.0	0.0	0.0	40.9	-2.9	-2.8	-2.4	3.7	3.2	-4.2
18.30	0.5	0.4	-4.6	-1.0	-0.1	41.5	0.0	0.0	-5.0	0.0	0.0	40.9	-2.9	-2.8	-2.4	3.7	3.2	-4.2
18.40	-1.0	-0.2	-4.9	-0.7	-1.5	41.5	0.0	0.0	-5.0	0.0	0.0	40.9	3.3	2.7	-2.1	6.9	-5.6	-4.1
18.50	-1.0	-0.2	-4.9	-0.7	-1.5	41.5	0.0	0.0	-5.0	0.0	0.0	40.9	3.3	2.7	-2.1	6.9	-5.6	-4.1
18.60	-1.1	-0.3	-4.8	-0.5	-1.7	41.5	0.0	0.0	-5.0	0.0	0.0	40.9	3.4	2.8	-2.2	7.4	-6.3	-4.1
18.70	-1.1	-0.3	-4.8	-0.5	-1.7	41.5	0.0	0.0	-5.0	0.0	0.0	40.9	3.4	2.8	-2.2	7.4	-6.3	-4.1
18.80	-0.5	-0.3	-4.7	-0.3	-1.4	41.5	0.0	0.0	-5.0	0.0	0.0	40.9	2.9	2.8	-2.3	6.3	-5.6	-4.1
18.90	-0.5	-0.3	-4.7	-0.3	-1.4	41.5	0.0	0.0	-5.0	0.0	0.0	40.9	2.9	2.8	-2.3	6.3	-5.6	-4.1
19.00	-0.8	-0.7	-5.1	-1.2	-0.6	41.5	0.0	0.0	-5.0	0.0	0.0	40.9	3.1	3.0	2.1	5.2	-2.9	-4.1
19.10	-0.8	-0.7	-5.1	-1.2	-0.6	41.5	0.0	0.0	-5.0	0.0	0.0	40.9	3.1	3.0	2.1	5.2	-2.9	-4.1
19.20	-1.4	-0.6	-5.1	-0.6	-0.1	41.4	0.0	0.0	-5.0	0.0	0.0	40.9	3.7	3.0	2.1	3.3	3.0	-4.1
19.30	-1.4	-0.6	-5.1	-0.6	-0.1	41.4	0.0	0.0	-5.0	0.0	0.0	40.9	3.7	3.0	2.1	3.3	3.0	-4.1
19.40	-1.1	-0.8	-4.9	-0.6	1.0	41.5	0.0	0.0	-5.0	0.0	0.0	40.9	3.4	3.1	-2.1	-4.3	5.5	-4.2
19.50	-1.1	-0.8	-4.9	-0.6	1.0	41.5	0.0	0.0	-5.0	0.0	0.0	40.9	3.4	3.1	-2.1	-4.3	5.5	-4.2
19.60	-0.8	-0.4	-5.2	0.1	1.2	41.4	0.0	0.0	-5.0	0.0	0.0	40.9	3.2	2.8	2.2	-5.5	5.2	-4.0
19.70	-0.8	-0.4	-5.2	0.1	1.2	41.4	0.0	0.0	-5.0	0.0	0.0	40.9	3.2	2.8	2.2	-5.5	5.2	-4.0
19.80	-1.0	-0.7	-5.3	-1.1	0.7	41.4	0.0	0.0	-5.0	0.0	0.0	40.9	3.3	3.0	2.3	-3.1	5.3	-4.1
19.90	-1.0	-0.7	-5.3	-1.1	0.7	41.4	0.0	0.0	-5.0	0.0	0.0	40.9	3.3	3.0	2.3	-3.1	5.3	-4.1
20.00	-1.0	-0.5	-5.1	-0.3	-0.3	41.4	0.0	0.0	-5.0	0.0	0.0	40.9	3.3	2.9	2.1	3.6	-3.0	-4.0
20.10	-1.0	-0.5	-5.1	-0.3	-0.3	41.4	0.0	0.0	-5.0	0.0	0.0	40.9	3.3	2.9	2.1	3.6	-3.0	-4.0
20.20	-0.4	-0.4	-5.0	0.2	-0.0	41.6	0.0	0.0	-5.0	0.0	0.0	40.9	2.8	2.8	-2.0	-2.6	-2.8	-4.2
20.30	-0.4	-0.4	-5.0	0.2	-0.0	41.6	0.0	0.0	-5.0	0.0	0.0	40.9	2.8	2.8	-2.0	-2.6	-2.8	-4.2
20.40	0.8	-0.1	-4.7	1.0	-0.3	41.7	0.0	0.0	-5.0	0.0	0.0	40.9	-3.1	2.6	-2.3	-2.7	-4.4	-4.3
20.50	0.8	-0.1	-4.7	1.0	-0.3	41.7	0.0	0.0	-5.0	0.0	0.0	40.9	-3.1	2.6	-2.3	-2.7	-4.4	-4.3
20.60	0.8	-0.2	-4.5	0.1	-0.4	41.6	0.0	0.0	-5.0	0.0	0.0	40.9	-3.2	2.7	-2.5	3.4	-3.6	-4.3
20.70	0.8	-0.2	-4.5	0.1	-0.4	41.6	0.0	0.0	-5.0	0.0	0.0	40.9	-3.2	2.7	-2.5	3.4	-3.6	-4.3
20.80	0.7	-0.4	-4.7	0.5	-0.7	41.6	0.0	0.0	-5.0	0.0	0.0	40.9	-3.0	2.8	-2.3	3.9	-4.9	-4.2
20.90	0.7	-0.4	-4.7	0.5	-0.7	41.6	0.0	0.0	-5.0	0.0	0.0	40.9	-3.0	2.8	-2.3	3.9	-4.9	-4.2
21.00	0.5	-0.1	-4.7	-0.2	0.3	41.6	0.0	0.0	-5.0	0.0	0.0	40.9	-2.9	2.6	-2.3	-3.2	3.5	-4.3
21.10	0.5	-0.1	-4.7	-0.2	0.3	41.6	0.0	0.0	-5.0	0.0	0.0	40.9	-2.9	2.6	-2.3	-3.2	3.5	-4.3
21.20	0.5	-0.6	-4.6	-0.9	-0.3	41.4	0.0	0.0	-5.0	0.0	0.0	40.9	-2.9	3.0	-2.4	4.1	2.7	-4.1
21.30	0.5	-0.6	-4.6	-0.9	-0.3	41.4	0.0	0.0	-5.0	0.0	0.0	40.9	-2.9	3.0	-2.4	4.1	2.7	-4.1
21.40	0.8	-0.2	-4.7	-1.3	1.1	41.6	0.0	0.0	-5.0	0.0	0.0	40.9	-3.1	2.6	-2.3	-3.8	6.5	-4.3
21.50	0.8	-0.2	-4.7	-1.3	1.1	41.6	0.0	0.0	-5.0	0.0	0.0	40.9	-3.1	2.6	-2.3	-3.8	6.5	-4.3
21.60	0.5	-0.3	-4.7	-0.7	1.0	41.7	0.0	0.0	-5.0	0.0	0.0	40.9	-2.9	2.7	-2.3	-4.4	5.8	-4.4
21.70	0.5	-0.3	-4.7	-0.7	1.0	41.7	0.0	0.0	-5.0	0.0	0.0	40.9	-2.9	2.7	-2.3	-4.4	5.8	-4.4
21.80	-0.3	-0.4	-4.6	-0.8	0.1	41.5	0.0	0.0	-5.0	0.0	0.0	40.9	2.7	2.8	-2.4	3.0	3.6	-4.1
21.90	-0.3	-0.4	-4.6	-0.8	0.1	41.5	0.0	0.0	-5.0	0.0	0.0	40.9	2.7	2.8	-2.4	3.0	3.6	-4.1
22.00	-0.2	-0.6	-4.9	-1.1	-0.9	41.5	0.0	0.0	-5.0	0.0	0.0	40.9	2.7	3.0	-2.1	5.9	-3.8	-4.1
22.10	-0.2	-0.6	-4.9	-1.1	-0.9	41.5	0.0	0.0	-5.0	0.0	0.0	40.9	2.7	3.0	-2.1	5.9	-3.8	-4.1
22.20	0.1	-0.3	-4.9	-1.4	-0.9	41.5	0.0	0.0	-5.0	0.0	0.0	40.9	-2.6	2.7	-2.1	6.0	-3.2	-4.1
22.30	0.1	-0.3	-4.9	-1.4	-0.9	41.5	0.0	0.0	-5.0	0.0	0.0	40.9	-2.6	2.7	-2.1	6.0	-3.2	-4.1
22.40	-0.1	-0.2	-4.7	-0.9	-1.0	41.6	0.0	0.0	-5.0	0.0	0.0	40.9	2.6	2.7	-2.3	5.8	-4.1	-4.2
22.50	-0.1	-0.2	-4.7	-0.9	-1.0	41.6	0.0	0.0	-5.0	0.0	0.0	40.9	2.6	2.7	-2.3	5.8	-4.1	-4.2
22.60	-1.0	-0.3	-5.2	-0.8	-1.1	41.3	0.0	0.0	-5.0	0.0	0.0	40.9	3.3	2.7	2.2	6.1	-4.5	-4.0
22.70	-1.0	-0.3	-5.2	-0.8	-1.1	41.3	0.0	0.0	-5.0	0.0	0.0	40.9	3.3	2.7	2.2	6.1	-4.5	-4.0
22.80	-0.5	-0.4	-5.2	-1.0	-0.6	41.5	-0.4	-0.3	-5.0	-1.3	-1.4	40.9	2.6	2.6	2.2	-4.8	4.2	-4.1
22.90	-0.5	-0.4	-5.2	-1.0	-0.6	41.5	-0.4	-0.3	-5.0	-1.3	-1.4	40.9	2.6	2.6	2.2	-4.8	4.2	-4.1
23.00	-0.3	-0.5	-5.1	-1.3	0.2	41.5	-0.5	-0.3	-5.1	-1.2	-1.4	40.9	-2.7	2.6	2.0	-6.4	6.6	-4.1
23.10	-0.3	-0.5	-5.1	-1.3	0.2	41.5	-0.5	-0.3	-5.1	-1.2	-1.4	40.9	-2.7	2.6	2.0	-6.4	6.6	-4.1
23.20	-1.1	-0.6	-5.4	-1.3	-0.2	41.4	-0.8	-0.4	-5.2	-0.9	-1.4	40.9	2.8	2.7	2.1	-5.0	5.6	-4.0
23.30	-1.1	-0.6	-5.4	-1.3	-0.2	41.4	-0.8	-0.4	-5.2	-0.9	-1.4	40.9	2.8	2.7	2.1	-5.0	5.6	-4.0
23.40	-1.5	-0.9	-5.2	-1.1	-1.6	41.4	-1.1	-0.5	-5.5	-0.6	-1.4	40.9	2.7	2.8	-2.2	3.8	-2.6	-4.0
23.50	-1.5	-0.9	-5.2	-1.1	-1.6	41.4	-1.1	-0.5	-5.5	-0.6	-1.4	40.9	2.7	2.8	-2.2	3.8	-2.6	-4.0
23.60	-0.4	-0.4	-5.2	-0.7	-1.8	41.6	-1.7	-0.7	-5.8	0.0	-1.3	40.9	-3.5	-2.7	-2.7	4.4	-3.0	-4.2
23.70	-0.4	-0.4	-5.2	-0.7	-1.8	41.6	-1.7	-0.7	-5.8	0.0	-1.3	40.9	-3.5	-2.7	-2.7	4.4	-3.0	-4.2
23.80	0.6	-0.4	-4.8	0.0	-1.7	41.8	-2.5	-1.0	-6.3	0.8	-1.3	40.9	-5.0	-3.0	-3.5	4.3	-2.7	-4.5
23.90	0.6	-0.4	-4.8	0.0	-1.7	41.8	-2.5	-1.0	-6.3	0.8	-1.3	40.9	-5.0	-3.0	-3.5	4.3	-2.7	-4.5
24.00	-0.5	-0.6	-4.9	-0.5	-2.5	41.5	-4.1	-1.5	-7.3	2.4	-1.3	40.9	-5.4	-3.3	-4.4	8.4	-2.6	-4.2
24.10	-0.5	-0.6	-4.9	-0.5	-2.5	41.5	-4.1	-1.5	-7.3	2.4	-1.3	40.9	-5.4	-3.3	-4.4	8.4	-2.6	-4.2
24.20	-1.8	-1.0	-5.3	-0.3	-3.1	41.4	-5.4	-2.0	-8.1	3.8	-1.3	40.9	-5.4	-3.2	-4.8	11.1	-2.8	-4.0
24.30	-1.8	-1.0	-5.3	-0.3	-3.1	41.4	-5.4	-2.0	-8.1	3.8	-1.3	40.9	-5.4	-3.2	-4.8	11.1	-2.8	-4.0
24.40	-2.5	-1.4	-5.7	-0.1	-2.3	41.5	-7.1	-2.5	-9.1	5.5	-1.3	40.9	-6.1	-3.4	-5.4	10.7	5.4	-4.1
24.50	-2.5	-1.4	-5.7	-0.1	-2.3	41.5	-7.1	-2.5	-9.1	5.5	-1.3	40.9	-6.1	-3.4	-5.4	10.7	5.4	-4.1
24.60	-3.7	-2.1	-6.6	0.5	-1.9	41.6	-8.9	-3.1	-10.2	7.4	-1.2	40.9	-6.7	-3.3	-5.6	11.0	7.8	-4.2
24.70	-3.7	-2.1	-6.6	0.5	-1.9	41.6	-8.9	-3.1	-10.2	7.4	-1.2	40.9	-6.7	-3.3	-5.6	11.0	7.8	-4.2
24.80	-5.5	-3.1	-7.6	1.7	-1.0	41.6	-11.0	-3.8	-11.5	9.5	-1.2	40.9	-6.9	-3.1	-6.0	9.8	10.8	-4.2
24.90	-5.5	-3.1	-7.6	1.7	-1.0	41.6	-11.0	-3.8	-11.5	9.5	-1.2	40.9	-6.9	-3.1	-6.0	9.8	10.8	-4.2
25.00	-8.1	-4.1	-8.9	4.1	-1.2	41.7	-14.6	-5.0	-13.7	13.2	-1.1	40.9	-7.7	-3.3	-6.9	11.7	11.5	-4.3
25.10	-8.1	-4.1	-8.9	4.1	-1.2	41.7	-14.6	-5.0	-13.7	13.2	-1.1	40.9	-7.7	-3.3	-6.9	11.7	11.5	-4.3
25.20	-10.1	-5.2	-10.4	6.7	-0.6	41.7	-17.3	-5.9	-15.4	15.9	-1.1	40.9	-8.3	-3.0	-7.0	10.5	12.9	-4.3
25.30	-10.1	-5.2	-10.4	6.7	-0.6	41.7	-17.3	-5.9	-15.4	15.9	-1.1	40.9	-8.3	-3.0	-7.0	10.5	12.9	-4.3
25.40	-12.6	-6.3	-12.9	9.3	-1.7	41.5	-20.2	-6.8	-17.2	18.9	-1.1	40.9	-8.6	-2.9	-6.3	13.6	10.5	-4.2
25.50	-12.6	-6.3	-12.9	9.3	-1.7	41.5	-20.2	-6.8	-17.2	18.9	-1.1	40.9	-8.6	-2.9	-6.3	13.6	10.5	-4.2
25.60	-15.5	-7.5	-15.4	12.7	-1.4	41.5	-23.3	-7.9	-19.0	22.0	-1.0	40.9	-8.7	-2.8	-5.7	12.8	10.8	-4.2
25.70	-15.5	-7.5	-15.4	12.7	-1.4	41.5	-23.3	-7.9	-19.0	22.0	-1.0	40.9	-8.7	-2.8	-5.7	12.8	10.8	-4.2
25.80	-18.8	-8.1	-16.9	17.9	-1.2	41.8	-26.5	-8.9	-21.0	25.3	-1.0	40.9	-8.7	-3.2	-6.1	10.5	9.2	-4.4
25.90	-18.8	-8.1	-16.9	17.9	-1.2	41.8	-26.5	-8.9	-21.0	25.3	-1.0	40.9	-8.7	-3.2	-6.1	10.5	9.2	-4.4
26.00	-22.0	-9.3	-19.4	21.5	-1.2	41.7	-31.6	-10.6	-24.2	30.5	-0.9	40.9	-10.2	-3.5	-6.8	12.2	10.8	-4.4
26.10	-22.0	-9.3	-19.4	21.5	-1.2	41.7	-31.6	-10.6	-24.2	30.5	-0.9	40.9	-10.2	-3.5	-6.8	12.2	10.8	-4.4
26.20	-25.1	-10.3	-21.7	24.8	-2.3	41.5	-35.1	-11.8	-26.3	34.1	-0.8	40.9	-10.5	-3.7	-6.6	15.4	8.2	-4.1
26.30	-25.1	-10.3	-21.7	24.8	-2.3	41.5	-35.1	-11.8	-26.3	34.1	-0.8	40.9	-10.5	-3.7	-6.6	15.4	8.2	-4.1
26.40	-27.9	-11.2	-23.1	29.0	-1.0	41.8	-38.8	-13.0	-28.6	37.8	-0.8	40.9	-11.2	-3.9	-7.4	11.7	10.8	-4.5
26.50	-27.9	-11.2	-23.1	29.0	-1.0	41.8	-38.8	-13.0	-28.6	37.8	-0.8	40.9	-11.2	-3.9	-7.4	11.7	10.8	-4.5
26.60	-32.1	-12.5	-25.7	33.3	-1.2	41.9	-42.4	-14.2	-30.8	41.5	-0.7	40.9	-10.7	-3.9	-7.1	11.8	9.6	-4.5
26.70	-32.1	-12.5	-25.7	33.3	-1.2	41.9	-42.4	-14.2	-30.8	41.5	-0.7	40.9	-10.7	-3.9	-7.1	11.8	9.6	-4.5
26.80	-36.3	-14.3	-28.3	36.7	-1.4	41.8	-46.1	-15.4	-33.1	45.3	-0.7	40.9	-10.4	-3.4	-6.8	12.9	9.2	-4.4
26.90	-36.3	-14.3	-28.3	36.7	-1.4	41.8	-46.1	-15.4	-33.1	45.3	-0.7	40.9	-10.4	-3.4	-6.8	12.9	9.2	-4.4
27.00	-39.9	-15.9	-30.7	40.4	-2.1	41.6	-51.6	-17.3	-36.5	50.9	-0.6	40.9	-11.9	-3.6	-7.8	16.9	9.1	-4.2
27.10	-39.9	-15.9	-30.7	40.4	-2.1	41.6	-51.6	-17.3	-36.5	50.9	-0.6	40.9	-11.9	-3.6	-7.8	16.9	9.1	-4.2
27.20	-43.4	-17.1	-33.1	44.6	-1.4	41.8	-55.3	-18.5	-38.7	54.6	-0.5	40.9	-12.0	-3.6	-7.6	14.7	10.2	-4.5
27.30	-43.4	-17.1	-33.1	44.6	-1.4	41.8	-55.3	-18.5	-38.7	54.6	-0.5	40.9	-12.0	-3.6	-7.6	14.7	10.2	-4.5
27.40	-47.7	-18.7	-35.5	49.3	-1.5	41.8	-58.8	-19.7	-40.9	58.2	-0.5	40.9	-11.4	-3.2	-7.4	14.0	8.8	-4.5
27.50	-47.7	-18.7	-35.5	49.3	-1.5	41.8	-58.8	-19.7	-40.9	58.2	-0.5	40.9	-11.4	-3.2	-7.4	14.0	8.8	-4.5
27.60	-52.7	-20.2	-38.5	53.3	-1.8	41.6	-62.2	-20.8	-43.0	61.7	-0.4	40.9	-10.2	-2.9	-6.5	14.3	7.5	-4.3
27.70	-52.7	-20.2	-38.5	53.3	-1.8	41.6	-62.2	-20.8	-43.0	61.7	-0.4	40.9	-10.2	-2.9	-6.5	14.3	7.5	-4.3
27.80	-56.3	-21.9	-41.5	57.2	-1.8	41.6	-65.5	-21.9	-45.0	65.1	-0.4	40.9	-9.9	-2.5	-5.5	13.9	6.9	-4.3
27.90	-56.3	-21.9	-41.5	57.2	-1.8	41.6	-65.5	-21.9	-45.0	65.1	-0.4	40.9	-9.9	-2.5	-5.5	13.9	6.9	-4.3
28.00	-60.1	-22.8	-43.7	61.0	-1.1	41.7	-70.2	-23.4	-47.9	69.8	-0.3	40.9	-10.6	-3.0	-6.2	13.4	9.2	-4.3
28.10	-60.1	-22.8	-43.7	61.0	-1.1	41.7	-70.2	-23.4	-47.9	69.8	-0.3	40.9	-10.6	-3.0	-6.2	13.4	9.2	-4.3
28.20	-64.8	-24.4	-46.9	64.7	-1.4	41.6	-73.1	-24.4	-49.6	72.8	-0.3	40.9	-9.2	-2.5	-4.7	13.4	7.8	-4.2
28.30	-64.8	-24.4	-46.9	64.7	-1.4	41.6	-73.1	-24.4	-49.6	72.8	-0.3	40.9	-9.2	-2.5	-4.7	13.4	7.8	-4.2
28.40	-68.8	-25.0	-49.2	69.2	-1.1	41.4	-75.8	-25.3	-51.3	75.5	-0.2	40.9	-8.1	-2.8	-4.0	10.9	6.7	-4.1
28.50	-68.8	-25.0	-49.2	69.2	-1.1	41.4	-75.8	-25.3	-51.3	75.5	-0.2	40.9	-8.1	-2.8	-4.0	10.9	6.7	-4.1
28.60	-71.8	-25.8	-50.8	72.5	-0.8	41.6	-78.2	-26.1	-52.8	78.0	-0.2	40.9	-7.6	-2.8	-3.9	9.5	6.5	-4.2
28.70	-71.8	-25.8	-50.8	72.5	-0.8	41.6	-78.2	-26.1	-52.8	78.0	-0.2	40.9	-7.6	-2.8	-3.9	9.5	6.5	-4.2
28.80	-74.8	-26.4	-52.8	75.6	-0.8	41.6	-80.5	-26.8	-54.1	80.3	-0.1	40.9	-7.0	-2.8	-3.4	8.9	5.5	-4.3
28.90	-74.8	-26.4	-52.8	75.6	-0.8	41.6	-80.5	-26.8	-54.1	80.3	-0.1	40.9	-7.0	-2.8	-3.4	8.9	5.5	-4.3
29.00	-78.2	-27.7	-54.2	78.6	-0.8	41.6	-83.3	-27.8	-55.9	83.2	-0.1	40.9	-6.6	-2.6	-3.7	8.8	5.5	-4.2
29.10	-78.2	-27.7	-54.2	78.6	-0.8	41.6	-83.3	-27.8	-55.9	83.2	-0.1	40.9	-6.6	-2.6	-3.7	8.8	5.5	-4.2
29.20	-81.5	-28.5	-54.9	82.0	-0.9	41.4	-85.0	-28.3	-56.9	84.9	-0.1	40.9	-5.2	2.7	-4.0	7.4	3.4	-4.1
29.30	-81.5	-28.5	-54.9	82.0	-0.9	41.4	-85.0	-28.3	-56.9	84.9	-0.1	40.9	-5.2	2.7	-4.0	7.4	3.4	-4.1
29.40	-83.6	-28.9	-56.5	84.1	-0.5	41.6	-86.3	-28.8	-57.7	86.3	-0.1	40.9	-4.7	2.6	-3.3	5.9	3.4	-4.3
29.50	-83.6	-28.9	-56.5	84.1	-0.5	41.6	-86.3	-28.8	-57.7	86.3	-0.1	40.9	-4.7	2.6	-3.3	5.9	3.4	-4.3
29.60	-85.8	-29.5	-58.4	84.7	-1.5	41.5	-87.4	-29.2	-58.4	87.4	-0.0	40.9	-3.8	2.8	-2.0	8.9	-3.6	-4.1
29.70	-85.8	-29.5	-58.4	84.7	-1.5	41.5	-87.4	-29.2	-58.4	87.4	-0.0	40.9	-3.8	2.8	-2.0	8.9	-3.6	-4.1
29.80	-87.6	-29.6	-59.0	86.5	-0.8	41.5	-88.3	-29.4	-59.0	88.3	-0.0	40.9	-3.1	2.6	-2.0	6.2	-2.6	-4.1
29.90	-87.6	-29.6	-59.0	86.5	-0.8	41.5	-88.3	-29.4	-59.0	88.3	-0.0	40.9	-3.1	2.6	-2.0	6.2	-2.6	-4.1
30.00	-88.9	-30.2	-59.7	88.3	-0.5	41.4	-89.3	-29.8	-59.5	89.2	-0.0	40.9	-2.8	2.8	2.2	4.7	-2.8	-4.1
30.10	-88.9	-30.2	-59.7	88.3	-0.5	41.4	-89.3	-29.8	-59.5	89.2	-0.0	40.9	-2.8	2.8	2.2	4.7	-2.8	-4.1
30.20	-89.5	-29.9	-60.1	89.3	0.3	41.5	-89.6	-29.9	-59.8	89.6	-0.0	40.9	-2.6	2.5	2.3	-3.0	3.7	-4.2
30.30	-89.5	-29.9	-60.1	89.3	0.3	41.5	-89.6	-29.9	-59.8	89.6	-0.0	40.9	-2.6	2.5	2.3	-3.0	3.7	-4.2
30.40	-90.4	-30.6	-60.4	89.2	-0.3	41.4	-89.9	-30.0	-59.9	89.9	-0.0	40.9	2.9	3.0	2.4	3.9	-2.5	-4.0
30.50	-90.4	-30.6	-60.4	89.2	-0.3	41.4	-89.9	-30.0	-59.9	89.9	-0.0	40.9	2.9	3.0	2.4	3.9	-2.5	-4.0
30.60	-90.5	-30.4	-60.8	89.8	0.5	41.3	-90.0	-30.0	-60.0	90.0	-0.0	40.9	2.9	2.8	2.8	-3.6	3.8	-4.0
30.70	-90.5	-30.4	-60.8	89.8	0.5	41.3	-90.0	-30.0	-60.0	90.0	-0.0	40.9	2.9	2.8	2.8	-3.6	3.8	-4.0
30.80	-90.6	-30.3	-60.4	90.1	0.4	41.5	-90.0	-30.0	-60.0	90.0	-0.0	40.9	3.0	2.8	2.4	-3.6	3.5	-4.1
30.90	-90.6	-30.3	-60.4	90.1	0.4	41.5	-90.0	-30.0	-60.0	90.0	-0.0	40.9	3.0	2.8	2.4	-3.6	3.5	-4.1
31.00	-90.8	-30.1	-60.1	90.8	1.1	41.6	-90.0	-30.0	-60.0	90.0	-0.0	40.9	3.1	2.6	2.1	-6.1	4.4	-4.2
31.10	-90.8	-30.1	-60.1	90.8	1.1	41.6	-90.0	-30.0	-60.0	90.0	-0.0	40.9	3.1	2.6	2.1	-6.1	4.4	-4.2
31.20	-90.8	-30.3	-60.5	90.7	0.1	41.6	-90.0	-30.0	-60.0	90.0	-0.0	40.9	3.1	2.8	2.5	-3.4	-3.0	-4.2
31.30	-90.8	-30.3	-60.5	90.7	0.1	41.6	-90.0	-30.0	-60.0	90.0	-0.0	40.9	3.1	2.8	2.5	-3.4	-3.0	-4.2
31.40	-90.5	-30.3	-60.3	90.9	0.3	41.5	-90.0	-30.0	-60.0	90.0	-0.0	40.9	2.9	2.8	2.3	-4.2	-2.6	-4.2
31.50	-90.5	-30.3	-60.3	90.9	0.3	41.5	-90.0	-30.0	-60.0	90.0	-0.0	40.9	2.9	2.8	2.3	-4.2	-2.6	-4.2
31.60	-91.1	-29.6	-60.2	89.9	-0.6	41.6	-90.0	-30.0	-60.0	90.0	-0.0	40.9	3.4	-2.8	2.2	4.2	-4.1	-4.3
31.70	-91.1	-29.6	-60.2	89.9	-0.6	41.6	-90.0	-30.0	-60.0	90.0	-0.0	40.9	3.4	-2.8	2.2	4.2	-4.1	-4.3
31.80	-91.3	-30.5	-60.4	89.7	-0.6	41.5	-90.0	-30.0	-60.0	90.0	-0.0	40.9	3.6	2.9	2.4	4.3	-3.6	-4.1
31.90	-91.3	-30.5	-60.4	89.7	-0.6	41.5	-90.0	-30.0	-60.0	90.0	-0.0	40.9	3.6	2.9	2.4	4.3	-3.6	-4.1
32.00	-90.9	-30.6	-60.1	88.5	-1.0	41.5	-90.0	-30.0	-60.0	90.0	-0.0	40.9	3.3	3.0	2.1	6.4	-3.4	-4.1
32.10	-90.9	-30.6	-60.1	88.5	-1.0	41.5	-90.0	-30.0	-60.0	90.0	-0.0	40.9	3.3	3.0	2.1	6.4	-3.4	-4.1
32.20	-90.7	-31.1	-59.9	88.3	0.2	41.5	-90.0	-30.0	-60.0	90.0	-0.0	40.9	3.1	3.4	-2.1	3.8	4.6	-4.1
32.30	-90.7	-31.1	-59.9	88.3	0.2	41.5	-90.0	-30.0	-60.0	90.0	-0.0	40.9	3.1	3.4	-2.1	3.8	4.6	-4.1
32.40	-91.4	-31.0	-60.2	87.9	0.0	41.5	-90.0	-30.0	-60.0	90.0	-0.0	40.9	3.6	3.3	2.2	4.5	4.6	-4.1
32.50	-91.4	-31.0	-60.2	87.9	0.0	41.5	-90.0	-30.0	-60.0	90.0	-0.0	40.9	3.6	3.3	2.2	4.5	4.6	-4.1
32.60	-91.5	-31.4	-59.8	88.3	0.4	41.5	-90.0	-30.0	-60.0	90.0	-0.0	40.9	3.7	3.6	-2.2	3.2	5.2	-4.2
32.70	-91.5	-31.4	-59.8	88.3	0.4	41.5	-90.0	-30.0	-60.0	90.0	-0.0	40.9	3.7	3.6	-2.2	3.2	5.2	-4.2
32.80	-90.6	-31.3	-60.2	88.0	0.4	41.4	-90.0	-30.0	-60.0	90.0	-0.0	40.9	2.9	3.6	2.2	3.4	5.5	-4.1
32.90	-90.6	-31.3	-60.2	88.0	0.4	41.4	-90.0	-30.0	-60.0	90.0	-0.0	40.9	2.9	3.6	2.2	3.4	5.5	-4.1
33.00	-90.0	-31.4	-60.1	89.2	0.3	41.6	-90.0	-30.0	-60.0	90.0	-0.0	40.9	2.5	3.6	2.1	-2.5	4.2	-4.3
33.10	-90.0	-31.4	-60.1	89.2	0.3	41.6	-90.0	-30.0	-60.0	90.0	-0.0	40.9	2.5	3.6	2.1	-2.5	4.2	-4.3
33.20	-90.7	-31.6	-60.0	89.4	-0.9	41.4	-90.0	-30.0	-60.0	90.0	-0.0	40.9	3.1	3.7	2.0	5.3	-4.1	-4.1
33.30	-90.7	-31.6	-60.0	89.4	-0.9	41.4	-90.0	-30.0	-60.0	90.0	-0.0	40.9	3.1	3.7	2.0	5.3	-4.1	-4.1
33.40	-90.8	-31.4	-60.1	90.3	-1.1	41.5	-90.0	-30.0	-60.0	90.0	-0.0	40.9	3.1	3.6	2.1	5.0	-5.5	-4.2
33.50	-90.8	-31.4	-60.1	90.3	-1.1	41.5	-90.0	-30.0	-60.0	90.0	-0.0	40.9	3.1	3.6	2.1	5.0	-5.5	-4.2
33.60	-90.0	-31.5	-59.9	89.8	-0.9	41.5	-90.0	-30.0	-60.0	90.0	-0.0	40.9	2.5	3.7	-2.1	5.1	-4.6	-4.2
33.70	-90.0	-31.5	-59.9	89.8	-0.9	41.5	-90.0	-30.0	-60.0	90.0	-0.0	40.9	2.5	3.7	-2.1	5.1	-4.6	-4.2
33.80	-90.2	-31.2	-60.1	89.4	-0.4	41.5	-90.0	-30.0	-60.0	90.0	-0.0	40.9	2.7	3.5	2.1	4.0	-2.8	-4.2
33.90	-90.2	-31.2	-60.1	89.4	-0.4	41.5	-90.0	-30.0	-60.0	90.0	-0.0	40.9	2.7	3.5	2.1	4.0	-2.8	-4.2
34.00	-90.4	-31.6	-60.3	88.7	0.1	41.4	-90.0	-30.0	-60.0	90.0	-0.0	40.9	2.8	3.8	2.3	3.4	4.1	-4.1
34.10	-90.4	-31.6	-60.3	88.7	0.1	41.4	-90.0	-30.0	-60.0	90.0	-0.0	40.9	2.8	3.8	2.3	3.4	4.1	-4.1
34.20	-90.6	-31.1	-60.2	89.3	0.4	41.5	-90.0	-30.0	-60.0	90.0	-0.0	40.9	3.0	3.4	2.2	-2.8	4.3	-4.2
34.30	-90.6	-31.1	-60.2	89.3	0.4	41.5	-90.0	-30.0	-60.0	90.0	-0.0	40.9	3.0	3.4	2.2	-2.8	4.3	-4.2
34.40	-90.1	-31.4	-59.7	88.9	1.0	41.5	-90.0	-30.0	-60.0	90.0	-0.0	40.9	2.6	3.6	-2.3	-3.7	6.0	-4.2
34.50	-90.1	-31.4	-59.7	88.9	1.0	41.5	-90.0	-30.0	-60.0	90.0	-0.0	40.9	2.6	3.6	-2.3	-3.7	6.0	-4.2
34.60	-90.4	-31.5	-60.3	89.3	0.2	41.4	-90.0	-30.0	-60.0	90.0	-0.0	40.9	2.8	3.7	2.3	2.7	3.7	-4.1
34.70	-90.4	-31.5	-60.3	89.3	0.2	41.4	-90.0	-30.0	-60.0	90.0	-0.0	40.9	2.8	3.7	2.3	2.7	3.7	-4.1
34.80	-90.4	-31.6	-60.2	89.8	-0.0	41.5	-90.0	-30.0	-60.0	90.0	-0.0	40.9	2.8	3.8	2.2	2.7	2.6	-4.1
34.90	-90.4	-31.6	-60.2	89.8	-0.0	41.5	-90.0	-30.0	-60.0	90.0	-0.0	40.9	2.8	3.8	2.2	2.7	2.6	-4.1
35.00	-90.8	-31.4	-59.9	91.0	-0.7	41.4	-90.4	-31.8	-59.9	90.0	-0.3	40.9	2.8	-2.9	-2.0	2.6	-4.5	-4.1
35.10	-90.8	-31.4	-59.9	91.0	-0.7	41.4	-90.4	-31.8	-59.9	90.0	-0.3	40.9	2.8	-2.9	-2.0	2.6	-4.5	-4.1
35.20	-90.8	-31.7	-60.1	90.2	-0.9	41.4	-90.4	-31.8	-59.9	89.9	-0.3	40.9	2.8	-2.6	2.2	3.8	-4.4	-4.1
35.30	-90.8	-31.7	-60.1	90.2	-0.9	41.4	-90.4	-31.8	-59.9	89.9	-0.3	40.9	2.8	-2.6	2.2	3.8	-4.4	-4.1
35.40	-90.6	-32.2	-59.8	89.8	-1.3	41.4	-90.2	-31.8	-59.8	89.8	-0.3	40.9	2.8	2.8	2.0	5.2	-5.2	-4.0
35.50	-90.6	-32.2	-59.8	89.8	-1.3	41.4	-90.2	-31.8	-59.8	89.8	-0.3	40.9	2.8	2.8	2.0	5.2	-5.2	-4.0
35.60	-89.8	-31.8	-59.2	89.7	0.2	41.6	-89.9	-31.7	-59.6	89.5	-0.2	40.9	-2.5	2.6	-2.4	-3.9	3.5	-4.2
35.70	-89.8	-31.8	-59.2	89.7	0.2	41.6	-89.9	-31.7	-59.6	89.5	-0.2	40.9	-2.5	2.6	-2.4	-3.9	3.5	-4.2
35.80	-90.0	-32.1	-59.1	89.6	0.3	41.5	-89.4	-31.5	-59.3	89.0	-0.2	40.9	3.0	3.0	-2.2	-4.7	3.3	-4.2
35.90	-90.0	-32.1	-59.1	89.6	0.3	41.5	-89.4	-31.5	-59.3	89.0	-0.2	40.9	3.0	3.0	-2.2	-4.7	3.3	-4.2
36.00	-89.9	-32.0	-58.8	88.7	0.9	41.7	-88.3	-31.1	-58.6	87.9	-0.2	40.9	3.8	3.2	2.2	-6.2	4.6	-4.3
36.10	-89.9	-32.0	-58.8	88.7	0.9	41.7	-88.3	-31.1	-58.6	87.9	-0.2	40.9	3.8	3.2	2.2	-6.2	4.6	-4.3
36.20	-89.5	-32.6	-59.0	88.3	0.0	41.6	-87.2	-30.7	-58.0	86.8	-0.2	40.9	4.4	4.0	3.1	-4.6	-3.3	-4.2
36.30	-89.5	-32.6	-59.0	88.3	0.0	41.6	-87.2	-30.7	-58.0	86.8	-0.2	40.9	4.4	4.0	3.1	-4.6	-3.3	-4.2
36.40	-89.0	-32.2	-59.1	87.7	0.1	41.6	-85.9	-30.3	-57.2	85.5	-0.2	40.9	4.9	4.0	3.9	-5.4	-3.9	-4.3
36.50	-89.0	-32.2	-59.1	87.7	0.1	41.6	-85.9	-30.3	-57.2	85.5	-0.2	40.9	4.9	4.0	3.9	-5.4	-3.9	-4.3
36.60	-89.2	-32.7	-58.6	87.7	-1.0	41.5	-84.4	-29.7	-56.2	84.0	-0.2	40.9	6.4	4.9	4.3	-4.4	-8.1	-4.1
36.70	-89.2	-32.7	-58.6	87.7	-1.0	41.5	-84.4	-29.7	-56.2	84.0	-0.2	40.9	6.4	4.9	4.3	-4.4	-8.1	-4.1
36.80	-88.1	-31.8	-58.8	85.5	-0.7	41.5	-82.6	-29.1	-55.1	82.2	-0.2	40.9	6.9	4.7	5.6	-4.5	-7.0	-4.2
36.90	-88.1	-31.8	-58.8	85.5	-0.7	41.5	-82.6	-29.1	-55.1	82.2	-0.2	40.9	6.9	4.7	5.6	-4.5	-7.0	-4.2
37.00	-86.1	-31.1	-58.6	83.4	-0.8	41.5	-79.4	-28.0	-53.2	79.0	-0.2	40.9	7.8	5.0	7.3	-5.4	-8.3	-4.2
37.10	-86.1	-31.1	-58.6	83.4	-0.8	41.5	-79.4	-28.0	-53.2	79.0	-0.2	40.9	7.8	5.0	7.3	-5.4	-8.3	-4.2
37.20	-83.9	-30.0	-57.3	81.2	0.3	41.5	-77.0	-27.1	-51.7	76.6	-0.2	40.9	8.0	4.8	7.6	-8.5	-5.8	-4.2
37.30	-83.9	-30.0	-57.3	81.2	0.3	41.5	-77.0	-27.1	-51.7	76.6	-0.2	40.9	8.0	4.8	7.6	-8.5	-5.8	-4.2
37.40	-82.5	-29.0	-56.4	79.5	-0.2	41.5	-74.3	-26.2	-50.1	74.0	-0.2	40.9	9.0	4.8	8.2	-8.1	-8.0	-4.2
37.50	-82.5	-29.0	-56.4	79.5	-0.2	41.5	-74.3	-26.2	-50.1	74.0	-0.2	40.9	9.0	4.8	8.2	-8.1	-8.0	-4.2
37.60	-79.6	-27.9	-54.6	77.3	1.0	41.5	-71.5	-25.2	-48.4	71.1	-0.2	40.9	9.0	4.7	8.2	-11.6	-5.7	-4.2
37.70	-79.6	-27.9	-54.6	77.3	1.0	41.5	-71.5	-25.2	-48.4	71.1	-0.2	40.9	9.0	4.7	8.2	-11.6	-5.7	-4.2
37.80	-76.1	-26.4	-52.0	75.2	1.0	41.7	-68.4	-24.1	-46.5	68.1	-0.2	40.9	8.7	4.4	7.5	-12.6	-6.6	-4.3
37.90	-76.1	-26.4	-52.0	75.2	1.0	41.7	-68.4	-24.1	-46.5	68.1	-0.2	40.9	8.7	4.4	7.5	-12.6	-6.6	-4.3
38.00	-73.3	-25.5	-50.0	71.8	1.3	41.5	-63.5	-22.3	-43.5	63.1	-0.2	40.9	10.4	5.1	8.5	-15.0	-7.4	-4.2
38.10	-73.3	-25.5	-50.0	71.8	1.3	41.5	-63.5	-22.3	-43.5	63.1	-0.2	40.9	10.4	5.1	8.5	-15.0	-7.4	-4.2
38.20	-70.8	-24.0	-47.6	68.4	0.9	41.5	-60.0	-21.1	-41.4	59.7	-0.2	40.9	11.2	4.8	8.2	-13.9	-8.6	-4.2
38.30	-70.8	-24.0	-47.6	68.4	0.9	41.5	-60.0	-21.1	-41.4	59.7	-0.2	40.9	11.2	4.8	8.2	-13.9	-8.6	-4.2
38.40	-67.0	-22.8	-44.6	64.5	1.2	41.6	-56.4	-19.9	-39.2	56.1	-0.2	40.9	10.9	4.9	7.3	-14.2	-7.5	-4.3
38.50	-67.0	-22.8	-44.6	64.5	1.2	41.6	-56.4	-19.9	-39.2	56.1	-0.2	40.9	10.9	4.9	7.3	-14.2	-7.5	-4.3
38.60	-62.8	-21.0	-42.0	61.0	0.5	41.7	-52.7	-18.6	-37.0	52.5	-0.1	40.9	10.6	4.4	7.0	-12.5	-9.5	-4.4
38.70	-62.8	-21.0	-42.0	61.0	0.5	41.7	-52.7	-18.6	-37.0	52.5	-0.1	40.9	10.6	4.4	7.0	-12.5	-9.5	-4.4
38.80	-59.5	-20.0	-40.3	56.4	-0.3	41.6	-49.0	-17.2	-34.7	48.8	-0.1	40.9	10.9	4.7	7.5	-9.7	-10.6	-4.2
38.90	-59.5	-20.0	-40.3	56.4	-0.3	41.6	-49.0	-17.2	-34.7	48.8	-0.1	40.9	10.9	4.7	7.5	-9.7	-10.6	-4.2
39.00	-56.1	-18.5	-37.9	51.6	-0.4	41.6	-43.3	-15.3	-31.3	43.1	-0.1	40.9	12.7	5.1	8.6	-10.1	-11.7	-4.3
39.10	-56.1	-18.5	-37.9	51.6	-0.4	41.6	-43.3	-15.3	-31.3	43.1	-0.1	40.9	12.7	5.1	8.6	-10.1	-11.7	-4.3
39.20	-51.8	-16.9	-35.6	46.4	-0.3	41.7	-39.6	-13.9	-29.0	39.4	-0.1	40.9	12.3	4.8	8.6	-9.1	-10.0	-4.3
39.30	-51.8	-16.9	-35.6	46.4	-0.3	41.7	-39.6	-13.9	-29.0	39.4	-0.1	40.9	12.3	4.8	8.6	-9.1	-10.0	-4.3
39.40	-47.2	-15.4	-33.2	41.3	-0.1	41.5	-35.9	-12.6	-26.8	35.7	-0.1	40.9	11.6	4.7	8.4	-8.1	-8.1	-4.2
39.50	-47.2	-15.4	-33.2	41.3	-0.1	41.5	-35.9	-12.6	-26.8	35.7	-0.1	40.9	11.6	4.7	8.4	-8.1	-8.1	-4.2
39.60	-43.2	-13.7	-30.6	37.3	-0.0	41.6	-32.2	-11.4	-24.6	32.1	-0.1	40.9	11.3	4.4	8.0	-7.8	-7.6	-4.2
39.70	-43.2	-13.7	-30.6	37.3	-0.0	41.6	-32.2	-11.4	-24.6	32.1	-0.1	40.9	11.3	4.4	8.0	-7.8	-7.6	-4.2
39.80	-39.0	-12.1	-27.6	34.4	0.7	41.7	-28.7	-10.1	-22.4	28.6	-0.1	40.9	10.7	4.1	7.2	-10.3	-6.4	-4.4
39.90	-39.0	-12.1	-27.6	34.4	0.7	41.7	-28.7	-10.1	-22.4	28.6	-0.1	40.9	10.7	4.1	7.2	-10.3	-6.4	-4.4
40.00	-35.0	-10.1	-24.9	30.2	0.9	41.8	-23.7	-8.3	-19.4	23.5	-0.1	40.9	11.5	4.0	7.6	-11.7	-6.6	-4.4
40.10	-35.0	-10.1	-24.9	30.2	0.9	41.8	-23.7	-8.3	-19.4	23.5	-0.1	40.9	11.5	4.0	7.6	-11.7	-6.6	-4.4
40.20	-30.9	-9.1	-22.6	25.1	1.0	41.5	-20.5	-7.2	-17.4	20.4	-0.1	40.9	10.9	4.0	7.1	-9.9	-4.6	-4.1
40.30	-30.9	-9.1	-22.6	25.1	1.0	41.5	-20.5	-7.2	-17.4	20.4	-0.1	40.9	10.9	4.0	7.1	-9.9	-4.6	-4.1
40.40	-27.1	-7.5	-20.0	21.8	0.7	41.6	-17.5	-6.2	-15.6	17.4	-0.0	40.9	10.2	3.5	6.3	-8.7	-4.9	-4.2
40.50	-27.1	-7.5	-20.0	21.8	0.7	41.6	-17.5	-6.2	-15.6	17.4	-0.0	40.9	10.2	3.5	6.3	-8.7	-4.9	-4.2
40.60	-23.5	-6.3	-17.6	18.3	1.1	41.6	-14.7	-5.2	-14.0	14.7	-0.0	40.9	9.5	3.4	5.7	-9.0	-3.2	-4.2
40.70	-23.5	-6.3	-17.6	18.3	1.1	41.6	-14.7	-5.2	-14.0	14.7	-0.0	40.9	9.5	3.4	5.7	-9.0	-3.2	-4.2
40.80	-20.1	-5.1	-15.6	15.6	0.0	41.6	-12.2	-4.3	-12.4	12.1	-0.0	40.9	8.8	3.1	5.2	-6.1	-5.9	-4.3
40.90	-20.1	-5.1	-15.6	15.6	0.0	41.6	-12.2	-4.3	-12.4	12.1	-0.0	40.9	8.8	3.1	5.2	-6.1	-5.9	-4.3
41.00	-15.3	-3.9	-13.1	12.5	0.5	41.7	-8.8	-3.1	-10.4	8.8	-0.0	40.9	7.7	3.1	4.7	-7.5	-4.9	-4.4
41.10	-15.3	-3.9	-13.1	12.5	0.5	41.7	-8.8	-3.1	-10.4	8.8	-0.0	40.9	7.7	3.1	4.7	-7.5	-4.9	-4.4
41.20	-12.6	-3.4	-10.7	9.7	-0.7	41.5	-6.9	-2.4	-9.2	6.9	-0.0	40.9	7.1	3.3	3.5	-3.6	-7.0	-4.2
41.30	-12.6	-3.4	-10.7	9.7	-0.7	41.5	-6.9	-2.4	-9.2	6.9	-0.0	40.9	7.1	3.3	3.5	-3.6	-7.0	-4.2
41.40	-10.1	-2.7	-9.0	7.0	-0.1	41.6	-5.2	-1.8	-8.2	5.2	-0.0	40.9	6.4	3.2	2.9	-4.1	-4.4	-4.3
41.50	-10.1	-2.7	-9.0	7.0	-0.1	41.6	-5.2	-1.8	-8.2	5.2	-0.0	40.9	6.4	3.2	2.9	-4.1	-4.4	-4.3
41.60	-7.7	-2.4	-7.8	5.0	-0.5	41.5	-3.8	-1.3	-7.3	3.8	-0.0	40.9	5.6	3.4	2.5	2.6	-5.0	-4.1
41.70	-7.7	-2.4	-7.8	5.0	-0.5	41.5	-3.8	-1.3	-7.3	3.8	-0.0	40.9	5.6	3.4	2.5	2.6	-5.0	-4.1
41.80	-4.9	-1.7	-6.9	2.6	0.6	41.5	-2.7	-0.9	-6.6	2.6	-0.0	40.9	4.3	3.1	2.3	-3.9	4.1	-4.2
41.90	-4.9	-1.7	-6.9	2.6	0.6	41.5	-2.7	-0.9	-6.6	2.6	-0.0	40.9	4.3	3.1	2.3	-3.9	4.1	-4.2
42.00	-2.8	-1.2	-6.7	1.7	0.6	41.5	-1.4	-0.5	-5.8	1.4	-0.0	40.9	3.7	3.1	2.9	-4.4	3.7	-4.2
42.10	-2.8	-1.2	-6.7	1.7	0.6	41.5	-1.4	-0.5	-5.8	1.4	-0.0	40.9	3.7	3.1	2.9	-4.4	3.7	-4.2
42.20	-1.8	-0.5	-6.3	0.3	1.3	41.6	-0.8	-0.3	-5.5	0.8	-0.0	40.9	3.3	2.7	2.9	-5.2	6.1	-4.2
42.30	-1.8	-0.5	-6.3	0.3	1.3	41.6	-0.8	-0.3	-5.5	0.8	-0.0	40.9	3.3	2.7	2.9	-5.2	6.1	-4.2
42.40	-1.1	-0.5	-6.0	-0.6	0.1	41.3	-0.4	-0.1	-5.2	0.4	-0.0	40.9	3.1	2.8	2.8	3.2	3.7	-4.0
42.50	-1.1	-0.5	-6.0	-0.6	0.1	41.3	-0.4	-0.1	-5.2	0.4	-0.0	40.9	3.1	2.8	2.8	3.2	3.7	-4.0
42.60	0.2	-0.1	-5.8	-1.5	0.2	41.5	-0.1	-0.1	-5.1	0.1	-0.0	40.9	-2.8	2.6	2.7	3.6	4.6	-4.2
42.70	0.2	-0.1	-5.8	-1.5	0.2	41.5	-0.1	-0.1	-5.1	0.1	-0.0	40.9	-2.8	2.6	2.7	3.6	4.6	-4.2
42.80	1.0	0.1	-5.2	-0.4	-0.3	41.5	-0.0	-0.0	-5.0	0.0	-0.0	40.9	-3.4	-2.6	2.2	3.8	-2.9	-4.2
42.90	1.0	0.1	-5.2	-0.4	-0.3	41.5	-0.0	-0.0	-5.0	0.0	-0.0	40.9	-3.4	-2.6	2.2	3.8	-2.9	-4.2
43.00	0.5	0.1	-5.1	-1.1	-0.9	41.5	0.0	-0.0	-5.0	0.0	0.0	40.9	-2.9	-2.5	2.1	5.8	-3.6	-4.1
43.10	0.5	0.1	-5.1	-1.1	-0.9	41.5	0.0	-0.0	-5.0	0.0	0.0	40.9	-2.9	-2.5	2.1	5.8	-3.6	-4.1
43.20	0.7	0.1	-4.8	-1.0	-1.4	41.4	0.0	-0.0	-5.0	0.0	0.0	40.9	-3.1	-2.6	-2.2	7.1	-5.0	-4.1
43.30	0.7	0.1	-4.8	-1.0	-1.4	41.4	0.0	-0.0	-5.0	0.0	0.0	40.9	-3.1	-2.6	-2.2	7.1	-5.0	-4.1
43.40	1.5	0.2	-4.5	-1.5	-0.6	41.6	0.0	-0.0	-5.0	0.0	0.0	40.9	-3.7	-2.6	-2.5	5.5	-2.6	-4.2
43.50	1.5	0.2	-4.5	-1.5	-0.6	41.6	0.0	-0.0	-5.0	0.0	0.0	40.9	-3.7	-2.6	-2.5	5.5	-2.6	-4.2
43.60	1.0	0.2	-4.4	-0.5	0.3	41.7	0.0	-0.0	-5.0	0.0	0.0	40.9	-3.3	-2.7	-2.6	-2.8	3.8	-4.3
43.70	1.0	0.2	-4.4	-0.5	0.3	41.7	0.0	-0.0	-5.0	0.0	0.0	40.9	-3.3	-2.7	-2.6	-2.8	3.8	-4.3
43.80	0.3	-0.1	-4.5	-1.1	0.2	41.5	0.0	-0.0	-5.0	0.0	0.0	40.9	-2.7	2.6	-2.5	3.1	4.0	-4.1
43.90	0.3	-0.1	-4.5	-1.1	0.2	41.5	0.0	-0.0	-5.0	0.0	0.0	40.9	-2.7	2.6	-2.5	3.1	4.0	-4.1
44.00	0.1	0.2	-4.5	-0.7	0.5	41.5	0.0	-0.0	-5.0	0.0	0.0	40.9	-2.6	-2.7	-2.5	-3.2	4.5	-4.2
44.10	0.1	0.2	-4.5	-0.7	0.5	41.5	0.0	-0.0	-5.0	0.0	0.0	40.9	-2.6	-2.7	-2.5	-3.2	4.5	-4.2
44.20	0.6	0.2	-4.4	-1.1	0.4	41.6	0.0	-0.0	-5.0	0.0	0.0	40.9	-3.0	-2.6	-2.6	2.6	4.7	-4.2
44.30	0.6	0.2	-4.4	-1.1	0.4	41.6	0.0	-0.0	-5.0	0.0	0.0	40.9	-3.0	-2.6	-2.6	2.6	4.7	-4.2
44.40	0.5	0.2	-4.4	-0.9	-0.3	41.5	0.0	-0.0	-5.0	0.0	0.0	40.9	-2.9	-2.7	-2.6	4.1	2.6	-4.1
44.50	0.5	0.2	-4.4	-0.9	-0.3	41.5	0.0	-0.0	-5.0	0.0	0.0	40.9	-2.9	-2.7	-2.6	4.1	2.6	-4.1
44.60	0.1	0.1	-4.2	-0.7	-0.8	41.4	0.0	-0.0	-5.0	0.0	0.0	40.9	-2.6	-2.6	-2.8	5.3	-3.8	-4.0
44.70	0.1	0.1	-4.2	-0.7	-0.8	41.4	0.0	-0.0	-5.0	0.0	0.0	40.9	-2.6	-2.6	-2.8	5.3	-3.8	-4.0
44.80	0.2	0.4	-4.3	-0.5	-0.5	41.5	0.0	-0.0	-5.0	0.0	0.0	40.9	-2.6	-2.8	-2.7	4.4	-3.3	-4.2
44.90	0.2	0.4	-4.3	-0.5	-0.5	41.5	0.0	-0.0	-5.0	0.0	0.0	40.9	-2.6	-2.8	-2.7	4.4	-3.3	-4.2
45.00	0.7	0.4	-4.2	-0.8	-0.8	41.5	0.0	-0.0	-5.0	0.0	0.0	40.9	-3.0	-2.8	-2.8	5.4	-3.8	-4.1
45.10	0.7	0.4	-4.2	-0.8	-0.8	41.5	0.0	-0.0	-5.0	0.0	0.0	40.9	-3.0	-2.8	-2.8	5.4	-3.8	-4.1
45.20	0.5	0.2	-4.3	-0.6	-1.0	41.4	0.0	-0.0	-5.0	0.0	0.0	40.9	-2.9	-2.7	-2.7	5.7	-4.4	-4.0
45.30	0.5	0.2	-4.3	-0.6	-1.0	41.4	0.0	-0.0	-5.0	0.0	0.0	40.9	-2.9	-2.7	-2.7	5.7	-4.4	-4.0
45.40	0.1	0.3	-4.5	-0.5	-1.0	41.4	0.0	-0.0	-5.0	0.0	0.0	40.9	-2.6	-2.8	-2.5	5.4	-4.4	-4.0
45.50	0.1	0.3	-4.5	-0.5	-1.0	41.4	0.0	-0.0	-5.0	0.0	0.0	40.9	-2.6	-2.8	-2.5	5.4	-4.4	-4.0
45.60	-0.1	0.3	-5.3	-0.4	0.0	41.6	0.0	-0.0	-5.0	0.0	0.0	40.9	2.5	-2.7	2.3	2.9	3.0	-4.2
45.70	-0.1	0.3	-5.3	-0.4	0.0	41.6	0.0	-0.0	-5.0	0.0	0.0	40.9	2.5	-2.7	2.3	2.9	3.0	-4.2
45.80	0.1	-0.0	-4.9	-1.7	-0.5	41.5	0.0	-0.0	-5.0	0.0	0.0	40.9	-2.6	2.5	-2.1	5.5	2.9	-4.1
45.90	0.1	-0.0	-4.9	-1.7	-0.5	41.5	0.0	-0.0	-5.0	0.0	0.0	40.9	-2.6	2.5	-2.1	5.5	2.9	-4.1
46.00	0.4	-0.3	-4.7	-1.3	0.2	41.4	0.0	-0.0	-5.0	0.0	0.0	40.9	-2.8	2.7	-2.3	3.3	4.4	-4.0
46.10	0.4	-0.3	-4.7	-1.3	0.2	41.4	0.0	-0.0	-5.0	0.0	0.0	40.9	-2.8	2.7	-2.3	3.3	4.4	-4.0
46.20	0.2	-0.2	-4.7	-0.9	0.2	41.5	0.0	-0.0	-5.0	0.0	0.0	40.9	-2.7	2.6	-2.3	2.9	3.9	-4.1
46.30	0.2	-0.2	-4.7	-0.9	0.2	41.5	0.0	-0.0	-5.0	0.0	0.0	40.9	-2.7	2.6	-2.3	2.9	3.9	-4.1
46.40	0.0	-0.2	-4.3	-0.4	1.0	41.5	0.0	-0.0	-5.0	0.0	0.0	40.9	-2.5	2.6	-2.7	-4.5	5.4	-4.2
46.50	0.0	-0.2	-4.3	-0.4	1.0	41.5	0.0	-0.0	-5.0	0.0	0.0	40.9	-2.5	2.6	-2.7	-4.5	5.4	-4.2
46.60	-0.1	-0.2	-4.7	-1.2	0.0	41.5	0.0	-0.0	-5.0	0.0	0.0	40.9	2.5	2.6	-2.3	3.6	3.7	-4.1
46.70	-0.1	-0.2	-4.7	-1.2	0.0	41.5	0.0	-0.0	-5.0	0.0	0.0	40.9	2.5	2.6	-2.3	3.6	3.7	-4.1
46.80	0.5	-0.3	-4.7	-0.9	0.2	41.4	0.0	-0.0	-5.0	0.0	0.0	40.9	-2.9	2.7	-2.3	2.9	4.0	-4.0
46.90	0.5	-0.3	-4.7	-0.9	0.2	41.4	0.0	-0.0	-5.0	0.0	0.0	40.9	-2.9	2.7	-2.3	2.9	4.0	-4.0
47.00	-0.1	0.1	-4.4	-0.3	-0.3	41.6	0.0	-0.0	-5.0	0.0	0.0	40.9	2.6	-2.5	-2.6	3.5	-3.0	-4.2
47.10	-0.1	0.1	-4.4	-0.3	-0.3	41.6	0.0	-0.0	-5.0	0.0	0.0	40.9	2.6	-2.5	-2.6	3.5	-3.0	-4.2
47.20	-0.8	-0.3	-4.6	-0.6	-0.6	41.4	0.0	-0.0	-5.0	0.0	0.0	40.9	3.2	2.7	-2.4	4.7	-3.5	-4.1
47.30	-0.8	-0.3	-4.6	-0.6	-0.6	41.4	0.0	-0.0	-5.0	0.0	0.0	40.9	3.2	2.7	-2.4	4.7	-3.5	-4.1
47.40	-0.0	0.0	-4.2	-0.4	-0.6	41.7	0.0	-0.0	-5.0	0.0	0.0	40.9	2.5	-2.5	-2.8	4.4	-3.6	-4.3
47.50	-0.0	0.0	-4.2	-0.4	-0.6	41.7	0.0	-0.0	-5.0	0.0	0.0	40.9	2.5	-2.5	-2.8	4.4	-3.6	-4.3
47.60	0.6	-0.0	-4.3	-0.3	-0.3	41.6	0.0	-0.0	-5.0	0.0	0.0	40.9	-3.0	2.5	-2.7	3.7	-3.0	-4.2
47.70	0.6	-0.0	-4.3	-0.3	-0.3	41.6	0.0	-0.0	-5.0	0.0	0.0	40.9	-3.0	2.5	-2.7	3.7	-3.0	-4.2
47.80	0.5	-0.1	-4.3	-0.2	-0.6	41.6	0.0	-0.0	-5.0	0.0	0.0	40.9	-2.9	2.6	-2.7	4.1	-3.7	-4.2
47.90	0.5	-0.1	-4.3	-0.2	-0.6	41.6	0.0	-0.0	-5.0	0.0	0.0	40.9	-2.9	2.6	-2.7	4.1	-3.7	-4.2
48.00	-0.5	-0.2	-4.7	-0.8	-0.6	41.4	0.0	-0.0	-5.0	0.0	0.0	40.9	2.9	2.7	-2.3	4.8	-3.2	-4.1
