0.00	-90.0	-31.2	-60.3	88.5	0.2	41.6	-90.0	-30.0	-60.0	90.0	0.0	40.9	2.5	3.4	2.3	3.5	4.4	-4.2
0.10	-90.3	-30.7	-60.5	89.3	0.5	41.5	-90.0	-30.0	-60.0	90.0	0.0	40.9	2.7	3.1	2.5	-3.1	4.4	-4.2
0.20	-90.3	-30.7	-60.5	89.3	0.5	41.5	-90.0	-30.0	-60.0	90.0	0.0	40.9	2.7	3.1	2.5	-3.1	4.4	-4.2
0.30	-90.6	-31.0	-60.7	89.6	0.1	41.5	-90.0	-30.0	-60.0	90.0	0.0	40.9	2.9	3.3	2.7	2.8	3.1	-4.2
0.40	-90.6	-31.0	-60.7	89.6	0.1	41.5	-90.0	-30.0	-60.0	90.0	0.0	40.9	2.9	3.3	2.7	2.8	3.1	-4.2
0.50	-90.3	-31.0	-60.5	89.7	-0.3	41.5	-90.0	-30.0	-60.0	90.0	0.0	40.9	2.8	3.3	2.5	3.6	-3.0	-4.1
0.60	-90.3	-31.0	-60.5	89.7	-0.3	41.5	-90.0	-30.0	-60.0	90.0	0.0	40.9	2.8	3.3	2.5	3.6	-3.0	-4.1
0.70	-90.0	-31.0	-60.7	90.3	-0.4	41.5	-90.0	-30.0	-60.0	90.0	0.0	40.9	-2.5	3.3	2.7	3.2	-3.9	-4.1
0.80	-90.0	-31.0	-60.7	90.3	-0.4	41.5	-90.0	-30.0	-60.0	90.0	0.0	40.9	-2.5	3.3	2.7	3.2	-3.9	-4.1
0.90	-90.2	-31.3	-60.9	90.4	-0.3	41.6	-90.0	-30.0	-60.0	90.0	0.0	40.9	2.6	3.6	2.9	2.8	-3.6	-4.2
1.00	-90.2	-31.3	-60.9	90.4	-0.3	41.6	-90.0	-30.0	-60.0	90.0	0.0	40.9	2.6	3.6	2.9	2.8	-3.6	-4.2
1.10	-90.8	-31.3	-60.6	89.9	-0.4	41.5	-90.0	-30.0	-60.0	90.0	0.0	40.9	3.1	3.6	2.6	3.5	-3.3	-4.1
1.20	-90.8	-31.3	-60.6	89.9	-0.4	41.5	-90.0	-30.0	-60.0	90.0	0.0	40.9	3.1	3.6	2.6	3.5	-3.3	-4.1
1.30	-90.3	-31.4	-60.7	89.5	-0.4	41.5	-90.0	-30.0	-60.0	90.0	0.0	40.9	2.7	3.7	2.7	3.9	-3.0	-4.1
1.40	-90.3	-31.4	-60.7	89.5	-0.4	41.5	-90.0	-30.0	-60.0	90.0	0.0	40.9	2.7	3.7	2.7	3.9	-3.0	-4.1
1.50	-90.0	-31.0	-60.7	89.5	0.1	41.4	-90.0	-30.0	-60.0	90.0	0.0	40.9	2.5	3.3	2.7	2.7	3.3	-4.1
1.60	-90.0	-31.0	-60.7	89.5	0.1	41.4	-90.0	-30.0	-60.0	90.0	0.0	40.9	2.5	3.3	2.7	2.7	3.3	-4.1
1.70	-90.3	-31.4	-60.8	89.2	-0.0	41.5	-90.0	-30.0	-60.0	90.0	0.0	40.9	2.8	3.6	2.8	3.4	3.1	-4.1
1.80	-90.3	-31.4	-60.8	89.2	-0.0	41.5	-90.0	-30.0	-60.0	90.0	0.0	40.9	2.8	3.6	2.8	3.4	3.1	-4.1
1.90	-90.7	-31.0	-61.0	89.1	0.2	41.4	-90.0	-30.0	-60.0	90.0	0.0	40.9	3.1	3.3	3.0	2.9	3.9	-4.0
2.00	-90.7	-31.0	-61.0	89.1	0.2	41.4	-90.0	-30.0	-60.0	90.0	0.0	40.9	3.1	3.3	3.0	2.9	3.9	-4.0
2.10	-90.1	-31.2	-60.8	89.2	-0.1	41.4	-90.0	-30.0	-60.0	90.0	0.0	40.9	2.6	3.4	2.8	3.5	3.2	-4.1
2.20	-90.1	-31.2	-60.8	89.2	-0.1	41.4	-90.0	-30.0	-60.0	90.0	0.0	40.9	2.6	3.4	2.8	3.5	3.2	-4.1
2.30	-89.7	-30.8	-60.6	89.8	0.3	41.3	-90.0	-30.0	-60.0	90.0	0.0	40.9	-2.7	3.2	2.6	-2.9	3.4	-4.0
2.40	-89.7	-30.8	-60.6	89.8	0.3	41.3	-90.0	-30.0	-60.0	90.0	0.0	40.9	-2.7	3.2	2.6	-2.9	3.4	-4.0
2.50	-90.4	-31.2	-60.7	90.2	-0.7	41.4	-90.0	-30.0	-60.0	90.0	0.0	40.9	2.8	3.4	2.7	4.1	-4.5	-4.0
2.60	-90.4	-31.2	-60.7	90.2	-0.7	41.4	-90.0	-30.0	-60.0	90.0	0.0	40.9	2.8	3.4	2.7	4.1	-4.5	-4.0
2.70	-90.6	-31.0	-60.6	90.3	-0.1	41.4	-90.0	-30.0	-60.0	90.0	0.0	40.9	3.0	3.3	2.6	2.5	-3.1	-4.0
2.80	-90.6	-31.0	-60.6	90.3	-0.1	41.4	-90.0	-30.0	-60.0	90.0	0.0	40.9	3.0	3.3	2.6	2.5	-3.1	-4.0
2.90	-89.9	-30.9	-60.7	89.6	-0.2	41.4	-90.0	-30.0	-60.0	90.0	0.0	40.9	-2.6	3.2	2.7	3.3	-2.6	-4.1
3.00	-89.9	-30.9	-60.7	89.6	-0.2	41.4	-90.0	-30.0	-60.0	90.0	0.0	40.9	-2.6	3.2	2.7	3.3	-2.6	-4.1
3.10	-89.7	-31.1	-60.5	89.5	0.4	41.4	-90.0	-30.0	-60.0	90.0	0.0	40.9	-2.7	3.4	2.5	-2.9	3.9	-4.1
3.20	-89.7	-31.1	-60.5	89.5	0.4	41.4	-90.0	-30.0	-60.0	90.0	0.0	40.9	-2.7	3.4	2.5	-2.9	3.9	-4.1
3.30	-90.4	-31.1	-60.5	89.5	-0.4	41.4	-90.0	-30.0	-60.0	90.0	0.0	40.9	2.8	3.3	2.5	3.9	-2.9	-4.1
3.40	-90.4	-31.1	-60.5	89.5	-0.4	41.4	-90.0	-30.0	-60.0	90.0	0.0	40.9	2.8	3.3	2.5	3.9	-2.9	-4.1
3.50	-90.4	-31.3	-60.6	89.6	0.3	41.5	-90.0	-30.0	-60.0	90.0	0.0	40.9	2.8	3.5	2.6	-2.8	3.7	-4.1
3.60	-90.4	-31.3	-60.6	89.6	0.3	41.5	-90.0	-30.0	-60.0	90.0	0.0	40.9	2.8	3.5	2.6	-2.8	3.7	-4.1
3.70	-90.0	-31.2	-60.2	88.7	0.4	41.3	-90.5	-31.4	-59.9	88.5	0.3	40.9	-2.8	-2.7	2.3	-2.9	2.6	-3.9
3.80	-90.0	-31.2	-60.2	88.7	0.4	41.3	-90.5	-31.4	-59.9	88.5	0.3	40.9	-2.8	-2.7	2.3	-2.9	2.6	-3.9
3.90	-90.3	-31.5	-60.3	88.7	0.5	41.3	-90.5	-31.4	-59.9	88.5	0.3	40.9	-2.6	2.6	2.4	-3.3	2.9	-4.0
4.00	-90.3	-31.5	-60.3	88.7	0.5	41.3	-90.5	-31.4	-59.9	88.5	0.3	40.9	-2.6	2.6	2.4	-3.3	2.9	-4.0
4.10	-90.4	-31.3	-60.7	89.3	0.1	41.3	-90.4	-31.4	-59.9	88.5	0.3	40.9	-2.5	-2.6	2.8	-2.7	-3.8	-4.0
4.20	-90.4	-31.3	-60.7	89.3	0.1	41.3	-90.4	-31.4	-59.9	88.5	0.3	40.9	-2.5	-2.6	2.8	-2.7	-3.8	-4.0
4.30	-90.7	-31.6	-60.4	89.3	0.5	41.4	-90.4	-31.4	-59.9	88.5	0.3	40.9	2.7	2.7	2.6	-4.0	-2.7	-4.1
4.40	-90.7	-31.6	-60.4	89.3	0.5	41.4	-90.4	-31.4	-59.9	88.5	0.3	40.9	2.7	2.7	2.6	-4.0	-2.7	-4.1
4.50	-90.2	-31.7	-59.9	88.8	0.1	41.4	-90.3	-31.3	-59.8	88.4	0.3	40.9	-2.6	2.8	2.1	2.6	-3.3	-4.0
4.60	-90.2	-31.7	-59.9	88.8	0.1	41.4	-90.3	-31.3	-59.8	88.4	0.3	40.9	-2.6	2.8	2.1	2.6	-3.3	-4.0
4.70	-89.9	-31.9	-59.7	88.7	0.4	41.5	-90.2	-31.3	-59.8	88.3	0.3	40.9	-2.8	3.0	-2.0	-3.3	2.6	-4.2
4.80	-89.9	-31.9	-59.7	88.7	0.4	41.5	-90.2	-31.3	-59.8	88.3	0.3	40.9	-2.8	3.0	-2.0	-3.3	2.6	-4.2
4.90	-90.1	-31.9	-60.0	88.2	0.3	41.5	-90.1	-31.2	-59.7	88.2	0.3	40.9	2.5	3.1	2.3	2.5	-2.5	-4.1
5.00	-90.1	-31.9	-60.0	88.2	0.3	41.5	-90.1	-31.2	-59.7	88.2	0.3	40.9	2.5	3.1	2.3	2.5	-2.5	-4.1
5.10	-90.3	-31.9	-59.6	88.1	0.6	41.6	-89.9	-31.2	-59.6	88.0	0.3	40.9	2.8	3.1	2.0	-3.5	3.2	-4.2
5.20	-90.3	-31.9	-59.6	88.1	0.6	41.6	-89.9	-31.2	-59.6	88.0	0.3	40.9	2.8	3.1	2.0	-3.5	3.2	-4.2
5.30	-90.3	-32.5	-60.0	87.2	0.0	41.4	-89.6	-31.1	-59.4	87.7	0.3	40.9	3.1	3.6	2.6	3.5	-2.6	-4.1
5.40	-90.3	-32.5	-60.0	87.2	0.0	41.4	-89.6	-31.1	-59.4	87.7	0.3	40.9	3.1	3.6	2.6	3.5	-2.6	-4.1
5.50	-90.3	-32.2	-59.8	87.0	0.0	41.5	-89.3	-31.0	-59.2	87.4	0.3	40.9	3.3	3.5	2.6	3.5	-2.8	-4.1
5.60	-90.3	-32.2	-59.8	87.0	0.0	41.5	-89.3	-31.0	-59.2	87.4	0.3	40.9	3.3	3.5	2.6	3.5	-2.8	-4.1
5.70	-90.2	-32.4	-59.4	87.4	0.1	41.5	-88.9	-30.8	-59.0	87.1	0.3	40.9	3.5	3.7	2.5	-2.6	-3.2	-4.2
5.80	-90.2	-32.4	-59.4	87.4	0.1	41.5	-88.9	-30.8	-59.0	87.1	0.3	40.9	3.5	3.7	2.5	-2.6	-3.2	-4.2
5.90	-90.1	-32.0	-60.0	87.9	0.2	41.5	-88.5	-30.7	-58.7	86.7	0.3	40.9	3.8	3.5	3.2	-3.5	-3.9	-4.1
6.00	-90.1	-32.0	-60.0	87.9	0.2	41.5	-88.5	-30.7	-58.7	86.7	0.3	40.9	3.8	3.5	3.2	-3.5	-3.9	-4.1
6.10	-90.1	-32.4	-60.0	86.7	-0.0	41.4	-88.1	-30.6	-58.5	86.2	0.3	40.9	4.1	4.0	3.6	2.7	-3.7	-4.1
6.20	-90.1	-32.4	-60.0	86.7	-0.0	41.4	-88.1	-30.6	-58.5	86.2	0.3	40.9	4.1	4.0	3.6	2.7	-3.7	-4.1
6.30	-89.1	-32.1	-59.5	86.3	0.1	41.5	-87.3	-30.3	-58.0	85.5	0.3	40.9	4.0	4.0	3.5	-2.9	-3.8	-4.1
6.40	-89.1	-32.1	-59.5	86.3	0.1	41.5	-87.3	-30.3	-58.0	85.5	0.3	40.9	4.0	4.0	3.5	-2.9	-3.8	-4.1
6.50	-88.4	-31.9	-59.4	85.6	0.7	41.6	-86.7	-30.1	-57.6	84.9	0.3	40.9	3.9	3.9	3.7	-4.2	2.8	-4.3
6.60	-88.4	-31.9	-59.4	85.6	0.7	41.6	-86.7	-30.1	-57.6	84.9	0.3	40.9	3.9	3.9	3.7	-4.2	2.8	-4.3
6.70	-88.5	-31.5	-59.2	85.1	0.1	41.3	-86.0	-29.8	-57.2	84.2	0.3	40.9	4.5	3.9	4.0	-2.9	-3.9	-4.0
6.80	-88.5	-31.5	-59.2	85.1	0.1	41.3	-86.0	-29.8	-57.2	84.2	0.3	40.9	4.5	3.9	4.0	-2.9	-3.9	-4.0
6.90	-87.4	-31.1	-59.2	83.9	0.6	41.5	-85.3	-29.6	-56.8	83.5	0.3	40.9	4.2	3.7	4.4	-3.7	2.9	-4.1
7.00	-87.4	-31.1	-59.2	83.9	0.6	41.5	-85.3	-29.6	-56.8	83.5	0.3	40.9	4.2	3.7	4.4	-3.7	2.9	-4.1
7.10	-86.1	-31.0	-58.5	83.7	0.4	41.5	-84.5	-29.3	-56.3	82.7	0.3	40.9	3.8	3.9	4.2	-3.9	-3.1	-4.1
7.20	-86.1	-31.0	-58.5	83.7	0.4	41.5	-84.5	-29.3	-56.3	82.7	0.3	40.9	3.8	3.9	4.2	-3.9	-3.1	-4.1
7.30	-85.4	-30.6	-57.2	83.2	0.8	41.6	-83.2	-28.9	-55.5	81.4	0.3	40.9	4.3	3.9	3.7	-5.5	-3.0	-4.2
7.40	-85.4	-30.6	-57.2	83.2	0.8	41.6	-83.2	-28.9	-55.5	81.4	0.3	40.9	4.3	3.9	3.7	-5.5	-3.0	-4.2
7.50	-84.8	-30.7	-56.6	82.4	0.2	41.5	-82.2	-28.5	-54.9	80.5	0.3	40.9	4.6	4.3	3.7	-4.3	-4.5	-4.1
7.60	-84.8	-30.7	-56.6	82.4	0.2	41.5	-82.2	-28.5	-54.9	80.5	0.3	40.9	4.6	4.3	3.7	-4.3	-4.5	-4.1
7.70	-83.7	-30.0	-56.1	81.2	0.7	41.6	-81.2	-28.2	-54.3	79.5	0.2	40.9	4.5	3.9	3.7	-5.3	-3.1	-4.2
7.80	-83.7	-30.0	-56.1	81.2	0.7	41.6	-81.2	-28.2	-54.3	79.5	0.2	40.9	4.5	3.9	3.7	-5.3	-3.1	-4.2
7.90	-82.2	-29.7	-55.5	80.6	0.2	41.6	-80.2	-27.8	-53.7	78.5	0.2	40.9	4.1	4.0	3.9	-4.4	-4.8	-4.2
8.00	-82.2	-29.7	-55.5	80.6	0.2	41.6	-80.2	-27.8	-53.7	78.5	0.2	40.9	4.1	4.0	3.9	-4.4	-4.8	-4.2
8.10	-81.5	-29.0	-55.5	79.7	0.2	41.4	-79.0	-27.4	-53.0	77.3	0.2	40.9	4.5	3.8	4.5	-4.7	-5.0	-4.1
8.20	-81.5	-29.0	-55.5	79.7	0.2	41.4	-79.0	-27.4	-53.0	77.3	0.2	40.9	4.5	3.8	4.5	-4.7	-5.0	-4.1
8.30	-80.8	-28.6	-55.0	78.4	-0.4	41.5	-77.2	-26.8	-51.9	75.6	0.2	40.9	5.4	4.0	5.1	-3.8	-6.9	-4.1
8.40	-80.8	-28.6	-55.0	78.4	-0.4	41.5	-77.2	-26.8	-51.9	75.6	0.2	40.9	5.4	4.0	5.1	-3.8	-6.9	-4.1
8.50	-78.9	-27.7	-53.5	77.0	0.7	41.6	-75.9	-26.3	-51.1	74.3	0.2	40.9	4.9	3.6	4.5	-6.4	-3.9	-4.2
8.60	-78.9	-27.7	-53.5	77.0	0.7	41.6	-75.9	-26.3	-51.1	74.3	0.2	40.9	4.9	3.6	4.5	-6.4	-3.9	-4.2
8.70	-76.5	-26.8	-52.1	76.3	0.4	41.8	-74.6	-25.9	-50.3	73.0	0.2	40.9	4.0	3.2	3.9	-6.4	-5.4	-4.4
8.80	-76.5	-26.8	-52.1	76.3	0.4	41.8	-74.6	-25.9	-50.3	73.0	0.2	40.9	4.0	3.2	3.9	-6.4	-5.4	-4.4
8.90	-76.1	-27.0	-51.7	74.3	0.6	41.5	-73.2	-25.4	-49.4	71.6	0.2	40.9	4.9	3.8	4.3	-6.1	-4.4	-4.1
9.00	-76.1	-27.0	-51.7	74.3	0.6	41.5	-73.2	-25.4	-49.4	71.6	0.2	40.9	4.9	3.8	4.3	-6.1	-4.4	-4.1
9.10	-75.2	-26.5	-50.5	72.4	0.4	41.6	-71.7	-24.9	-48.5	70.2	0.2	40.9	5.3	3.8	3.9	-5.2	-4.1	-4.2
9.20	-75.2	-26.5	-50.5	72.4	0.4	41.6	-71.7	-24.9	-48.5	70.2	0.2	40.9	5.3	3.8	3.9	-5.2	-4.1	-4.2
9.30	-73.6	-26.6	-49.8	70.2	1.1	41.5	-69.5	-24.1	-47.2	68.0	0.2	40.9	5.8	4.5	4.7	-6.9	2.5	-4.1
9.40	-73.6	-26.6	-49.8	70.2	1.1	41.5	-69.5	-24.1	-47.2	68.0	0.2	40.9	5.8	4.5	4.7	-6.9	2.5	-4.1
9.50	-72.1	-25.8	-49.4	68.3	0.5	41.4	-67.9	-23.5	-46.2	66.5	0.2	40.9	5.8	4.3	5.1	-4.9	-3.7	-4.1
9.60	-72.1	-25.8	-49.4	68.3	0.5	41.4	-67.9	-23.5	-46.2	66.5	0.2	40.9	5.8	4.3	5.1	-4.9	-3.7	-4.1
9.70	-70.7	-25.4	-48.4	66.9	0.8	41.4	-66.3	-23.0	-45.2	64.9	0.2	40.9	6.0	4.4	5.2	-6.1	-2.9	-4.0
9.80	-70.7	-25.4	-48.4	66.9	0.8	41.4	-66.3	-23.0	-45.2	64.9	0.2	40.9	6.0	4.4	5.2	-6.1	-2.9	-4.0
9.90	-69.4	-24.2	-47.7	65.6	0.7	41.6	-64.6	-22.4	-44.2	63.3	0.2	40.9	6.3	3.9	5.5	-6.1	-3.7	-4.2
10.00	-69.4	-24.2	-47.7	65.6	0.7	41.6	-64.6	-22.4	-44.2	63.3	0.2	40.9	6.3	3.9	5.5	-6.1	-3.7	-4.2
10.10	-67.2	-23.3	-46.6	63.7	1.0	41.6	-62.9	-21.8	-43.2	61.6	0.2	40.9	5.9	3.7	5.4	-6.7	-2.5	-4.3
10.20	-67.2	-23.3	-46.6	63.7	1.0	41.6	-62.9	-21.8	-43.2	61.6	0.2	40.9	5.9	3.7	5.4	-6.7	-2.5	-4.3
10.30	-65.4	-22.5	-45.5	61.5	0.1	41.4	-60.4	-20.9	-41.6	59.1	0.2	40.9	6.5	3.8	5.8	-4.7	-5.2	-4.1
10.40	-65.4	-22.5	-45.5	61.5	0.1	41.4	-60.4	-20.9	-41.6	59.1	0.2	40.9	6.5	3.8	5.8	-4.7	-5.2	-4.1
10.50	-63.0	-21.5	-43.7	60.3	0.8	41.6	-58.6	-20.3	-40.6	57.3	0.2	40.9	6.0	3.5	5.1	-7.0	-3.9	-4.3
10.60	-63.0	-21.5	-43.7	60.3	0.8	41.6	-58.6	-20.3	-40.6	57.3	0.2	40.9	6.0	3.5	5.1	-7.0	-3.9	-4.3
10.70	-61.5	-20.9	-42.0	58.5	0.5	41.6	-56.8	-19.7	-39.5	55.6	0.2	40.9	6.3	3.5	4.5	-6.3	-4.5	-4.3
10.80	-61.5	-20.9	-42.0	58.5	0.5	41.6	-56.8	-19.7	-39.5	55.6	0.2	40.9	6.3	3.5	4.5	-6.3	-4.5	-4.3
10.90	-59.8	-20.3	-41.0	56.3	0.5	41.6	-55.0	-19.1	-38.4	53.8	0.2	40.9	6.3	3.5	4.6	-5.7	-4.2	-4.3
11.00	-59.8	-20.3	-41.0	56.3	0.5	41.6	-55.0	-19.1	-38.4	53.8	0.2	40.9	6.3	3.5	4.6	-5.7	-4.2	-4.3
11.10	-57.5	-20.1	-39.4	54.0	0.1	41.5	-53.2	-18.4	-37.3	52.0	0.2	40.9	5.9	3.9	4.2	-4.3	-4.7	-4.1
11.20	-57.5	-20.1	-39.4	54.0	0.1	41.5	-53.2	-18.4	-37.3	52.0	0.2	40.9	5.9	3.9	4.2	-4.3	-4.7	-4.1
11.30	-55.4	-19.2	-38.0	52.5	0.3	41.6	-50.4	-17.5	-35.6	49.3	0.2	40.9	6.5	3.9	4.4	-5.9	-5.4	-4.3
11.40	-55.4	-19.2	-38.0	52.5	0.3	41.6	-50.4	-17.5	-35.6	49.3	0.2	40.9	6.5	3.9	4.4	-5.9	-5.4	-4.3
11.50	-53.7	-18.8	-36.8	50.3	0.4	41.6	-48.5	-16.8	-34.4	47.5	0.1	40.9	6.7	4.1	4.3	-6.0	-4.8	-4.2
11.60	-53.7	-18.8	-36.8	50.3	0.4	41.6	-48.5	-16.8	-34.4	47.5	0.1	40.9	6.7	4.1	4.3	-6.0	-4.8	-4.2
11.70	-51.8	-18.0	-36.2	47.9	0.1	41.6	-46.6	-16.2	-33.3	45.6	0.1	40.9	6.6	3.9	4.9	-4.7	-4.8	-4.2
11.80	-51.8	-18.0	-36.2	47.9	0.1	41.6	-46.6	-16.2	-33.3	45.6	0.1	40.9	6.6	3.9	4.9	-4.7	-4.8	-4.2
11.90	-48.9	-17.0	-34.9	46.9	0.4	41.7	-44.8	-15.5	-32.2	43.8	0.1	40.9	5.8	3.7	4.8	-6.2	-4.9	-4.4
12.00	-48.9	-17.0	-34.9	46.9	0.4	41.7	-44.8	-15.5	-32.2	43.8	0.1	40.9	5.8	3.7	4.8	-6.2	-4.9	-4.4
12.10	-46.6	-15.9	-34.2	44.9	0.3	41.9	-42.9	-14.9	-31.0	42.0	0.1	40.9	5.5	3.3	5.2	-5.9	-4.9	-4.5
12.20	-46.6	-15.9	-34.2	44.9	0.3	41.9	-42.9	-14.9	-31.0	42.0	0.1	40.9	5.5	3.3	5.2	-5.9	-4.9	-4.5
12.30	-45.5	-15.3	-33.2	41.9	0.0	41.6	-40.1	-13.9	-29.3	39.2	0.1	40.9	6.8	3.6	5.8	-5.0	-5.4	-4.3
12.40	-45.5	-15.3	-33.2	41.9	0.0	41.6	-40.1	-13.9	-29.3	39.2	0.1	40.9	6.8	3.6	5.8	-5.0	-5.4	-4.3
12.50	-43.6	-14.7	-31.7	39.0	-0.2	41.6	-38.2	-13.3	-28.2	37.4	0.1	40.9	6.8	3.6	5.5	-3.3	-4.9	-4.2
12.60	-43.6	-14.7	-31.7	39.0	-0.2	41.6	-38.2	-13.3	-28.2	37.4	0.1	40.9	6.8	3.6	5.5	-3.3	-4.9	-4.2
12.70	-40.9	-13.8	-30.3	37.0	0.1	41.5	-36.4	-12.6	-27.1	35.6	0.1	40.9	6.1	3.5	5.3	-3.9	-3.8	-4.2
12.80	-40.9	-13.8	-30.3	37.0	0.1	41.5	-36.4	-12.6	-27.1	35.6	0.1	40.9	6.1	3.5	5.3	-3.9	-3.8	-4.2
12.90	-38.7	-13.2	-28.6	36.1	0.1	41.7	-34.6	-12.0	-26.0	33.8	0.1	40.9	5.8	3.5	4.7	-4.8	-4.8	-4.4
13.00	-38.7	-13.2	-28.6	36.1	0.1	41.7	-34.6	-12.0	-26.0	33.8	0.1	40.9	5.8	3.5	4.7	-4.8	-4.8	-4.4
13.10	-37.3	-12.3	-26.8	34.2	0.6	41.7	-32.8	-11.4	-24.9	32.1	0.1	40.9	6.1	3.3	3.9	-6.0	-3.3	-4.4
13.20	-37.3	-12.3	-26.8	34.2	0.6	41.7	-32.8	-11.4	-24.9	32.1	0.1	40.9	6.1	3.3	3.9	-6.0	-3.3	-4.4
13.30	-35.3	-12.1	-25.8	31.5	0.2	41.6	-30.1	-10.4	-23.3	29.5	0.1	40.9	6.7	3.8	4.5	-4.8	-4.3	-4.2
13.40	-35.3	-12.1	-25.8	31.5	0.2	41.6	-30.1	-10.4	-23.3	29.5	0.1	40.9	6.7	3.8	4.5	-4.8	-4.3	-4.2
13.50	-32.9	-11.2	-24.5	29.5	0.7	41.6	-28.4	-9.8	-22.2	27.8	0.1	40.9	6.1	3.6	4.3	-5.8	-2.7	-4.3
13.60	-32.9	-11.2	-24.5	29.5	0.7	41.6	-28.4	-9.8	-22.2	27.8	0.1	40.9	6.1	3.6	4.3	-5.8	-2.7	-4.3
13.70	-31.1	-10.7	-23.5	27.8	-0.1	41.5	-26.7	-9.2	-21.2	26.1	0.1	40.9	6.0	3.6	4.4	-3.8	-4.6	-4.1
13.80	-31.1	-10.7	-23.5	27.8	-0.1	41.5	-26.7	-9.2	-21.2	26.1	0.1	40.9	6.0	3.6	4.4	-3.8	-4.6	-4.1
13.90	-29.5	-9.7	-22.7	26.1	0.3	41.5	-25.0	-8.7	-20.2	24.5	0.1	40.9	6.1	3.4	4.5	-4.6	-3.6	-4.2
14.00	-29.5	-9.7	-22.7	26.1	0.3	41.5	-25.0	-8.7	-20.2	24.5	0.1	40.9	6.1	3.4	4.5	-4.6	-3.6	-4.2
14.10	-27.6	-9.1	-21.6	24.4	-0.1	41.5	-23.4	-8.1	-19.2	22.9	0.1	40.9	5.9	3.3	4.4	-3.6	-4.4	-4.1
14.20	-27.6	-9.1	-21.6	24.4	-0.1	41.5	-23.4	-8.1	-19.2	22.9	0.1	40.9	5.9	3.3	4.4	-3.6	-4.4	-4.1
14.30	-25.0	-8.3	-20.3	22.8	0.6	41.7	-21.0	-7.3	-17.7	20.6	0.1	40.9	5.7	3.3	4.6	-6.1	-3.3	-4.3
14.40	-25.0	-8.3	-20.3	22.8	0.6	41.7	-21.0	-7.3	-17.7	20.6	0.1	40.9	5.7	3.3	4.6	-6.1	-3.3	-4.3
14.50	-23.3	-7.7	-19.3	20.9	-0.2	41.5	-19.5	-6.8	-16.8	19.1	0.1	40.9	5.5	3.3	4.5	-3.7	-5.0	-4.1
14.60	-23.3	-7.7	-19.3	20.9	-0.2	41.5	-19.5	-6.8	-16.8	19.1	0.1	40.9	5.5	3.3	4.5	-3.7	-5.0	-4.1
14.70	-22.0	-7.2	-17.9	19.5	0.5	41.5	-18.0	-6.2	-15.9	17.6	0.1	40.9	5.7	3.2	4.0	-5.4	-3.3	-4.1
14.80	-22.0	-7.2	-17.9	19.5	0.5	41.5	-18.0	-6.2	-15.9	17.6	0.1	40.9	5.7	3.2	4.0	-5.4	-3.3	-4.1
14.90	-20.0	-6.4	-16.7	17.4	0.2	41.6	-16.6	-5.8	-15.1	16.2	0.1	40.9	5.2	3.0	3.6	-4.0	-3.3	-4.2
15.00	-20.0	-6.4	-16.7	17.4	0.2	41.6	-16.6	-5.8	-15.1	16.2	0.1	40.9	5.2	3.0	3.6	-4.0	-3.3	-4.2
15.10	-17.7	-6.1	-15.8	15.9	0.6	41.6	-15.2	-5.3	-14.2	14.9	0.0	40.9	4.5	3.1	3.5	-5.0	3.0	-4.2
15.20	-17.7	-6.1	-15.8	15.9	0.6	41.6	-15.2	-5.3	-14.2	14.9	0.0	40.9	4.5	3.1	3.5	-5.0	3.0	-4.2
15.30	-16.0	-5.5	-14.6	14.4	0.5	41.5	-13.3	-4.6	-13.1	13.0	0.0	40.9	4.7	3.2	3.6	-5.1	-2.8	-4.2
15.40	-16.0	-5.5	-14.6	14.4	0.5	41.5	-13.3	-4.6	-13.1	13.0	0.0	40.9	4.7	3.2	3.6	-5.1	-2.8	-4.2
15.50	-14.9	-5.2	-13.5	13.6	1.2	41.5	-12.0	-4.2	-12.3	11.8	0.0	40.9	4.8	3.3	3.2	-7.1	3.5	-4.2
15.60	-14.9	-5.2	-13.5	13.6	1.2	41.5	-12.0	-4.2	-12.3	11.8	0.0	40.9	4.8	3.3	3.2	-7.1	3.5	-4.2
15.70	-13.3	-4.5	-12.8	12.9	0.1	41.7	-10.9	-3.8	-11.6	10.6	0.0	40.9	4.4	3.1	3.2	-5.0	-4.5	-4.3
15.80	-13.3	-4.5	-12.8	12.9	0.1	41.7	-10.9	-3.8	-11.6	10.6	0.0	40.9	4.4	3.1	3.2	-5.0	-4.5	-4.3
15.90	-12.1	-4.4	-12.0	11.5	-0.4	41.6	-9.8	-3.4	-10.9	9.6	0.0	40.9	4.3	3.3	3.1	-3.5	-5.4	-4.2
16.00	-12.1	-4.4	-12.0	11.5	-0.4	41.6	-9.8	-3.4	-10.9	9.6	0.0	40.9	4.3	3.3	3.1	-3.5	-5.4	-4.2
16.10	-10.4	-3.7	-11.5	9.9	-0.8	41.6	-8.7	-3.0	-10.3	8.5	0.0	40.9	3.9	3.1	3.2	3.1	-5.8	-4.2
16.20	-10.4	-3.7	-11.5	9.9	-0.8	41.6	-8.7	-3.0	-10.3	8.5	0.0	40.9	3.9	3.1	3.2	3.1	-5.8	-4.2
16.30	-9.7	-3.3	-10.8	8.3	0.1	41.5	-7.3	-2.5	-9.4	7.1	0.0	40.9	4.4	3.1	3.4	-4.0	-3.4	-4.1
16.40	-9.7	-3.3	-10.8	8.3	0.1	41.5	-7.3	-2.5	-9.4	7.1	0.0	40.9	4.4	3.1	3.4	-4.0	-3.4	-4.1
16.50	-8.9	-2.9	-9.9	6.3	0.2	41.5	-6.4	-2.2	-8.9	6.2	0.0	40.9	4.5	3.0	3.0	-3.0	2.9	-4.2
16.60	-8.9	-2.9	-9.9	6.3	0.2	41.5	-6.4	-2.2	-8.9	6.2	0.0	40.9	4.5	3.0	3.0	-3.0	2.9	-4.2
16.70	-7.5	-2.5	-9.4	5.2	0.6	41.4	-5.6	-1.9	-8.4	5.4	0.0	40.9	4.1	3.0	3.0	-3.7	4.2	-4.0
16.80	-7.5	-2.5	-9.4	5.2	0.6	41.4	-5.6	-1.9	-8.4	5.4	0.0	40.9	4.1	3.0	3.0	-3.7	4.2	-4.0
16.90	-6.3	-2.2	-8.5	5.1	0.7	41.5	-4.8	-1.7	-7.9	4.7	0.0	40.9	3.7	2.9	2.6	-4.7	3.9	-4.2
17.00	-6.3	-2.2	-8.5	5.1	0.7	41.5	-4.8	-1.7	-7.9	4.7	0.0	40.9	3.7	2.9	2.6	-4.7	3.9	-4.2
17.10	-5.4	-1.7	-7.8	4.6	0.7	41.5	-4.1	-1.4	-7.5	4.0	0.0	40.9	3.5	2.8	2.3	-4.8	3.7	-4.1
17.20	-5.4	-1.7	-7.8	4.6	0.7	41.5	-4.1	-1.4	-7.5	4.0	0.0	40.9	3.5	2.8	2.3	-4.8	3.7	-4.1
17.30	-4.8	-1.8	-7.4	3.6	0.1	41.6	-3.2	-1.1	-6.9	3.1	0.0	40.9	3.8	3.1	2.5	-3.3	-2.7	-4.3
17.40	-4.8	-1.8	-7.4	3.6	0.1	41.6	-3.2	-1.1	-6.9	3.1	0.0	40.9	3.8	3.1	2.5	-3.3	-2.7	-4.3
17.50	-3.5	-1.5	-7.3	3.2	-0.7	41.5	-2.6	-0.9	-6.6	2.6	0.0	40.9	3.2	3.0	2.7	3.6	-4.9	-4.2
17.60	-3.5	-1.5	-7.3	3.2	-0.7	41.5	-2.6	-0.9	-6.6	2.6	0.0	40.9	3.2	3.0	2.7	3.6	-4.9	-4.2
17.70	-2.5	-1.7	-6.8	3.1	-0.9	41.5	-2.1	-0.7	-6.3	2.1	0.0	40.9	2.8	3.2	2.5	3.9	-5.9	-4.2
17.80	-2.5	-1.7	-6.8	3.1	-0.9	41.5	-2.1	-0.7	-6.3	2.1	0.0	40.9	2.8	3.2	2.5	3.9	-5.9	-4.2
17.90	-2.0	-1.4	-6.5	2.4	-0.8	41.5	-1.7	-0.6	-6.0	1.7	0.0	40.9	2.8	3.2	2.5	3.8	-5.3	-4.1
18.00	-2.0	-1.4	-6.5	2.4	-0.8	41.5	-1.7	-0.6	-6.0	1.7	0.0	40.9	2.8	3.2	2.5	3.8	-5.3	-4.1
18.10	-2.3	-1.4	-6.5	0.8	-0.8	41.4	-1.3	-0.5	-5.8	1.3	0.0	40.9	3.2	3.3	2.7	5.1	-4.1	-4.1
18.20	-2.3	-1.4	-6.5	0.8	-0.8	41.4	-1.3	-0.5	-5.8	1.3	0.0	40.9	3.2	3.3	2.7	5.1	-4.1	-4.1
18.30	-1.5	-1.0	-6.5	0.0	-0.4	41.5	-0.9	-0.3	-5.5	0.9	0.0	40.9	3.0	3.0	2.9	4.3	-2.6	-4.1
18.40	-1.5	-1.0	-6.5	0.0	-0.4	41.5	-0.9	-0.3	-5.5	0.9	0.0	40.9	3.0	3.0	2.9	4.3	-2.6	-4.1
18.50	-0.8	-0.5	-6.4	0.0	0.5	41.4	-0.6	-0.2	-5.4	0.6	0.0	40.9	2.6	2.8	3.0	-3.0	4.2	-4.1
18.60	-0.8	-0.5	-6.4	0.0	0.5	41.4	-0.6	-0.2	-5.4	0.6	0.0	40.9	2.6	2.8	3.0	-3.0	4.2	-4.1
18.70	-0.9	-0.5	-6.0	-0.2	0.8	41.5	-0.5	-0.2	-5.3	0.4	0.0	40.9	2.8	2.8	2.7	-3.9	5.1	-4.2
18.80	-0.9	-0.5	-6.0	-0.2	0.8	41.5	-0.5	-0.2	-5.3	0.4	0.0	40.9	2.8	2.8	2.7	-3.9	5.1	-4.2
18.90	-0.7	-0.0	-5.5	-0.0	1.3	41.6	-0.3	-0.1	-5.2	0.3	0.0	40.9	2.8	-2.5	2.3	-5.5	6.2	-4.2
19.00	-0.7	-0.0	-5.5	-0.0	1.3	41.6	-0.3	-0.1	-5.2	0.3	0.0	40.9	2.8	-2.5	2.3	-5.5	6.2	-4.2
19.10	-0.5	-0.1	-5.4	-0.2	-0.1	41.6	-0.2	-0.1	-5.1	0.2	0.0	40.9	2.8	2.5	2.3	3.2	2.5	-4.3
19.20	-0.5	-0.1	-5.4	-0.2	-0.1	41.6	-0.2	-0.1	-5.1	0.2	0.0	40.9	2.8	2.5	2.3	3.2	2.5	-4.3
19.30	-0.1	0.2	-5.2	-0.3	-0.8	41.4	-0.1	-0.0	-5.0	0.1	0.0	40.9	2.5	-2.6	2.1	4.8	-4.1	-4.1
19.40	-0.1	0.2	-5.2	-0.3	-0.8	41.4	-0.1	-0.0	-5.0	0.1	0.0	40.9	2.5	-2.6	2.1	4.8	-4.1	-4.1
19.50	-0.8	-0.1	-5.4	-0.8	-2.4	41.5	-0.0	-0.0	-5.0	0.0	0.0	40.9	3.1	2.6	2.4	9.2	-7.6	-4.1
19.60	-0.8	-0.1	-5.4	-0.8	-2.4	41.5	-0.0	-0.0	-5.0	0.0	0.0	40.9	3.1	2.6	2.4	9.2	-7.6	-4.1
19.70	-1.0	0.1	-5.2	-1.6	-1.6	41.5	-0.0	-0.0	-5.0	0.0	0.0	40.9	3.3	-2.6	2.2	8.2	-5.0	-4.1
19.80	-1.0	0.1	-5.2	-1.6	-1.6	41.5	-0.0	-0.0	-5.0	0.0	0.0	40.9	3.3	-2.6	2.2	8.2	-5.0	-4.1
19.90	-0.5	0.2	-4.8	-2.3	-1.2	41.5	-0.0	-0.0	-5.0	0.0	0.0	40.9	2.9	-2.7	-2.2	7.7	-3.1	-4.2
20.00	-0.5	0.2	-4.8	-2.3	-1.2	41.5	-0.0	-0.0	-5.0	0.0	0.0	40.9	2.9	-2.7	-2.2	7.7	-3.1	-4.2
20.10	-0.1	0.2	-5.2	-3.0	-0.4	41.4	0.0	0.0	-5.0	-0.0	0.0	40.9	2.6	-2.6	2.2	6.5	4.5	-4.1
20.20	-0.1	0.2	-5.2	-3.0	-0.4	41.4	0.0	0.0	-5.0	-0.0	0.0	40.9	2.6	-2.6	2.2	6.5	4.5	-4.1
20.30	-0.2	0.1	-5.2	-3.4	-0.3	41.5	0.0	0.0	-5.0	-0.0	0.0	40.9	2.7	-2.5	2.2	6.7	5.1	-4.1
20.40	-0.2	0.1	-5.2	-3.4	-0.3	41.5	0.0	0.0	-5.0	-0.0	0.0	40.9	2.7	-2.5	2.2	6.7	5.1	-4.1
20.50	-0.6	0.1	-4.9	-3.7	0.6	41.5	0.0	0.0	-5.0	-0.0	0.0	40.9	3.0	-2.6	-2.1	4.7	7.7	-4.1
20.60	-0.6	0.1	-4.9	-3.7	0.6	41.5	0.0	0.0	-5.0	-0.0	0.0	40.9	3.0	-2.6	-2.1	4.7	7.7	-4.1
20.70	-0.3	0.2	-5.0	-3.4	-0.0	41.4	0.0	0.0	-5.0	-0.0	0.0	40.9	2.7	-2.7	2.0	5.9	5.8	-4.1
20.80	-0.3	0.2	-5.0	-3.4	-0.0	41.4	0.0	0.0	-5.0	-0.0	0.0	40.9	2.7	-2.7	2.0	5.9	5.8	-4.1
20.90	0.1	-0.1	-5.3	-3.2	-0.4	41.4	0.0	0.0	-5.0	-0.0	0.0	40.9	-2.6	2.5	2.3	6.6	4.7	-4.1
21.00	0.1	-0.1	-5.3	-3.2	-0.4	41.4	0.0	0.0	-5.0	-0.0	0.0	40.9	-2.6	2.5	2.3	6.6	4.7	-4.1
21.10	0.3	0.1	-5.0	-2.8	-1.0	41.5	0.0	0.0	-5.0	-0.0	0.0	40.9	-2.7	-2.6	-2.0	7.9	2.8	-4.1
21.20	0.3	0.1	-5.0	-2.8	-1.0	41.5	0.0	0.0	-5.0	-0.0	0.0	40.9	-2.7	-2.6	-2.0	7.9	2.8	-4.1
21.30	-0.1	-0.0	-4.9	-2.7	-0.7	41.6	0.0	0.0	-5.0	-0.0	0.0	40.9	2.6	2.5	-2.1	6.9	3.4	-4.3
21.40	-0.1	-0.0	-4.9	-2.7	-0.7	41.6	0.0	0.0	-5.0	-0.0	0.0	40.9	2.6	2.5	-2.1	6.9	3.4	-4.3
21.50	-0.1	0.2	-5.1	-2.8	-1.8	41.4	0.0	0.0	-5.0	-0.0	0.0	40.9	2.6	-2.6	2.1	9.9	-4.4	-4.1
21.60	-0.1	0.2	-5.1	-2.8	-1.8	41.4	0.0	0.0	-5.0	-0.0	0.0	40.9	2.6	-2.6	2.1	9.9	-4.4	-4.1
21.70	0.3	-0.0	-5.0	-2.4	-1.7	41.5	0.0	0.0	-5.0	-0.0	0.0	40.9	-2.8	2.5	2.0	9.1	-4.4	-4.2
21.80	0.3	-0.0	-5.0	-2.4	-1.7	41.5	0.0	0.0	-5.0	-0.0	0.0	40.9	-2.8	2.5	2.0	9.1	-4.4	-4.2
21.90	0.4	0.3	-5.0	-2.4	-1.3	41.5	0.0	0.0	-5.0	-0.0	0.0	40.9	-2.8	-2.7	-2.0	8.1	-3.4	-4.2
22.00	0.4	0.3	-5.0	-2.4	-1.3	41.5	0.0	0.0	-5.0	-0.0	0.0	40.9	-2.8	-2.7	-2.0	8.1	-3.4	-4.2
22.10	-0.2	0.1	-4.9	-2.4	-0.1	41.6	0.0	0.0	-5.0	-0.0	0.0	40.9	2.6	-2.6	-2.1	5.1	4.7	-4.2
22.20	-0.2	0.1	-4.9	-2.4	-0.1	41.6	0.0	0.0	-5.0	-0.0	0.0	40.9	2.6	-2.6	-2.1	5.1	4.7	-4.2
22.30	-0.3	0.1	-5.1	-2.6	-0.1	41.4	0.0	0.0	-5.0	-0.0	0.0	40.9	2.7	-2.6	2.1	5.5	4.8	-4.0
22.40	-0.3	0.1	-5.1	-2.6	-0.1	41.4	0.0	0.0	-5.0	-0.0	0.0	40.9	2.7	-2.6	2.1	5.5	4.8	-4.0
22.50	0.9	0.4	-4.9	-1.3	1.0	41.7	0.0	0.0	-5.0	-0.0	0.0	40.9	-3.3	-2.8	-2.1	-3.7	6.2	-4.4
22.60	0.9	0.4	-4.9	-1.3	1.0	41.7	0.0	0.0	-5.0	-0.0	0.0	40.9	-3.3	-2.8	-2.1	-3.7	6.2	-4.4
22.70	0.9	0.4	-4.7	-0.7	0.9	41.7	0.0	0.0	-5.0	-0.0	0.0	40.9	-3.2	-2.8	-2.3	-3.9	5.4	-4.3
22.80	0.9	0.4	-4.7	-0.7	0.9	41.7	0.0	0.0	-5.0	-0.0	0.0	40.9	-3.2	-2.8	-2.3	-3.9	5.4	-4.3
22.90	-0.3	0.1	-4.8	-1.2	-0.1	41.5	0.0	0.0	-5.0	-0.0	0.0	40.9	2.7	-2.6	-2.2	3.9	3.6	-4.1
23.00	-0.3	0.1	-4.8	-1.2	-0.1	41.5	0.0	0.0	-5.0	-0.0	0.0	40.9	2.7	-2.6	-2.2	3.9	3.6	-4.1
23.10	-0.3	-0.1	-4.8	-0.6	-0.7	41.5	0.0	0.0	-5.0	-0.0	0.0	40.9	2.8	2.6	-2.2	4.8	-3.7	-4.1
23.20	-0.3	-0.1	-4.8	-0.6	-0.7	41.5	0.0	0.0	-5.0	-0.0	0.0	40.9	2.8	2.6	-2.2	4.8	-3.7	-4.1
23.30	0.1	0.0	-4.6	0.4	-0.9	41.5	0.0	0.0	-5.0	-0.0	0.0	40.9	-2.6	-2.5	-2.4	4.4	-5.2	-4.1
23.40	0.1	0.0	-4.6	0.4	-0.9	41.5	0.0	0.0	-5.0	-0.0	0.0	40.9	-2.6	-2.5	-2.4	4.4	-5.2	-4.1
23.50	0.2	-0.1	-4.8	0.8	-0.9	41.6	0.0	0.0	-5.0	-0.0	0.0	40.9	-2.6	2.6	-2.2	3.9	-5.6	-4.2
23.60	0.2	-0.1	-4.8	0.8	-0.9	41.6	0.0	0.0	-5.0	-0.0	0.0	40.9	-2.6	2.6	-2.2	3.9	-5.6	-4.2
23.70	-0.6	-0.1	-5.0	0.2	-1.3	41.3	0.0	0.0	-5.0	-0.0	0.0	40.9	3.0	2.6	-2.0	5.5	-5.9	-4.0
23.80	-0.6	-0.1	-5.0	0.2	-1.3	41.3	0.0	0.0	-5.0	-0.0	0.0	40.9	3.0	2.6	-2.0	5.5	-5.9	-4.0
23.90	-0.6	-0.2	-4.8	0.3	-0.6	41.5	0.0	0.0	-5.0	-0.0	0.0	40.9	2.9	2.7	-2.2	3.7	-4.2	-4.1
24.00	-0.6	-0.2	-4.8	0.3	-0.6	41.5	0.0	0.0	-5.0	-0.0	0.0	40.9	2.9	2.7	-2.2	3.7	-4.2	-4.1
24.10	0.3	0.0	-4.8	0.7	0.1	41.4	0.0	0.0	-5.0	-0.0	0.0	40.9	-2.7	-2.5	-2.2	-3.5	-2.9	-4.1
24.20	0.3	0.0	-4.8	0.7	0.1	41.4	0.0	0.0	-5.0	-0.0	0.0	40.9	-2.7	-2.5	-2.2	-3.5	-2.9	-4.1
24.30	0.3	-0.2	-5.0	0.2	0.8	41.4	0.0	0.0	-5.0	-0.0	0.0	40.9	-2.8	2.6	-2.0	-4.6	4.3	-4.1
24.40	0.3	-0.2	-5.0	0.2	0.8	41.4	0.0	0.0	-5.0	-0.0	0.0	40.9	-2.8	2.6	-2.0	-4.6	4.3	-4.1
24.50	-0.3	-0.1	-4.7	-0.3	0.8	41.3	0.0	0.0	-5.0	-0.0	0.0	40.9	2.7	2.6	-2.3	-4.3	5.0	-4.0
24.60	-0.3	-0.1	-4.7	-0.3	0.8	41.3	0.0	0.0	-5.0	-0.0	0.0	40.9	2.7	2.6	-2.3	-4.3	5.0	-4.0
24.70	-0.2	-0.1	-4.8	-0.0	1.0	41.5	0.0	0.0	-5.0	-0.0	0.0	40.9	2.7	2.6	-2.2	-5.0	5.0	-4.2
24.80	-0.2	-0.1	-4.8	-0.0	1.0	41.5	0.0	0.0	-5.0	-0.0	0.0	40.9	2.7	2.6	-2.2	-5.0	5.0	-4.2
24.90	0.5	-0.1	-4.6	0.3	0.0	41.5	0.0	0.0	-5.0	-0.0	0.0	40.9	-2.9	2.6	-2.4	-2.9	-2.7	-4.1
25.00	0.5	-0.1	-4.6	0.3	0.0	41.5	0.0	0.0	-5.0	-0.0	0.0	40.9	-2.9	2.6	-2.4	-2.9	-2.7	-4.1
25.10	0.2	-0.2	-4.7	-0.1	-0.7	41.4	0.0	0.0	-5.0	-0.0	0.0	40.9	-2.6	2.7	-2.3	4.4	-4.2	-4.0
25.20	0.2	-0.2	-4.7	-0.1	-0.7	41.4	0.0	0.0	-5.0	-0.0	0.0	40.9	-2.6	2.7	-2.3	4.4	-4.2	-4.0
25.30	0.3	-0.0	-4.5	0.1	-0.6	41.5	0.0	0.0	-5.0	-0.0	0.0	40.9	-2.8	2.5	-2.5	3.8	-4.0	-4.2
25.40	0.3	-0.0	-4.5	0.1	-0.6	41.5	0.0	0.0	-5.0	-0.0	0.0	40.9	-2.8	2.5	-2.5	3.8	-4.0	-4.2
25.50	0.4	0.3	-4.5	0.0	-0.1	41.7	0.0	0.0	-5.0	-0.0	0.0	40.9	-2.8	-2.7	-2.5	2.7	-2.7	-4.3
25.60	0.4	0.3	-4.5	0.0	-0.1	41.7	0.0	0.0	-5.0	-0.0	0.0	40.9	-2.8	-2.7	-2.5	2.7	-2.7	-4.3
25.70	0.1	-0.1	-4.7	-1.3	-0.7	41.6	0.0	0.0	-5.0	-0.0	0.0	40.9	-2.6	2.5	-2.3	5.4	-2.9	-4.3
25.80	0.1	-0.1	-4.7	-1.3	-0.7	41.6	0.0	0.0	-5.0	-0.0	0.0	40.9	-2.6	2.5	-2.3	5.4	-2.9	-4.3
25.90	0.1	-0.0	-4.7	-1.7	-0.3	41.5	0.0	0.0	-5.0	-0.0	0.0	40.9	-2.6	2.5	-2.3	5.0	3.4	-4.1
26.00	0.1	-0.0	-4.7	-1.7	-0.3	41.5	0.0	0.0	-5.0	-0.0	0.0	40.9	-2.6	2.5	-2.3	5.0	3.4	-4.1
26.10	-0.5	-0.2	-4.7	-2.2	-0.5	41.5	0.0	0.0	-5.0	-0.0	0.0	40.9	2.9	2.7	-2.3	6.1	3.3	-4.2
26.20	-0.5	-0.2	-4.7	-2.2	-0.5	41.5	0.0	0.0	-5.0	-0.0	0.0	40.9	2.9	2.7	-2.3	6.1	3.3	-4.2
26.30	-0.9	-0.0	-4.7	-1.9	-0.0	41.5	0.0	0.0	-5.0	-0.0	0.0	40.9	3.2	2.5	-2.3	4.5	4.3	-4.1
26.40	-0.9	-0.0	-4.7	-1.9	-0.0	41.5	0.0	0.0	-5.0	-0.0	0.0	40.9	3.2	2.5	-2.3	4.5	4.3	-4.1
26.50	-0.7	-0.3	-4.9	-2.3	-0.9	41.4	0.0	0.0	-5.0	-0.0	0.0	40.9	3.1	2.7	-2.1	7.1	-2.6	-4.1
26.60	-0.7	-0.3	-4.9	-2.3	-0.9	41.4	0.0	0.0	-5.0	-0.0	0.0	40.9	3.1	2.7	-2.1	7.1	-2.6	-4.1
26.70	-0.3	-0.2	-4.7	-2.1	-0.4	41.3	0.0	0.0	-5.0	-0.0	0.0	40.9	2.7	2.7	-2.3	5.5	3.7	-4.0
26.80	-0.3	-0.2	-4.7	-2.1	-0.4	41.3	0.0	0.0	-5.0	-0.0	0.0	40.9	2.7	2.7	-2.3	5.5	3.7	-4.0
26.90	-0.6	-0.2	-4.8	-2.6	-0.7	41.5	0.0	0.0	-5.0	-0.0	0.0	40.9	3.0	2.6	-2.2	6.9	3.4	-4.2
27.00	-0.6	-0.2	-4.8	-2.6	-0.7	41.5	0.0	0.0	-5.0	-0.0	0.0	40.9	3.0	2.6	-2.2	6.9	3.4	-4.2
27.10	-1.0	-0.4	-4.8	-2.2	-0.4	41.4	0.0	0.0	-5.0	-0.0	0.0	40.9	3.3	2.8	-2.2	5.8	3.7	-4.0
27.20	-1.0	-0.4	-4.8	-2.2	-0.4	41.4	0.0	0.0	-5.0	-0.0	0.0	40.9	3.3	2.8	-2.2	5.8	3.7	-4.0
27.30	-0.4	-0.2	-4.6	-1.7	-0.7	41.5	0.0	0.0	-5.0	-0.0	0.0	40.9	2.9	2.6	-2.4	6.0	2.5	-4.1
27.40	-0.4	-0.2	-4.6	-1.7	-0.7	41.5	0.0	0.0	-5.0	-0.0	0.0	40.9	2.9	2.6	-2.4	6.0	2.5	-4.1
27.50	0.1	-0.3	-4.6	-1.5	-0.2	41.4	0.0	0.0	-5.0	-0.0	0.0	40.9	-2.6	2.7	-2.4	4.5	3.5	-4.1
27.60	0.1	-0.3	-4.6	-1.5	-0.2	41.4	0.0	0.0	-5.0	-0.0	0.0	40.9	-2.6	2.7	-2.4	4.5	3.5	-4.1
27.70	0.5	0.0	-4.4	-2.3	0.2	41.7	0.0	0.0	-5.0	-0.0	0.0	40.9	-2.9	-2.5	-2.6	4.3	5.3	-4.3
27.80	0.5	0.0	-4.4	-2.3	0.2	41.7	0.0	0.0	-5.0	-0.0	0.0	40.9	-2.9	-2.5	-2.6	4.3	5.3	-4.3
27.90	0.1	0.1	-4.3	-1.9	0.7	41.7	0.0	0.0	-5.0	-0.0	0.0	40.9	-2.6	-2.5	-2.7	2.8	6.1	-4.3
28.00	0.1	0.1	-4.3	-1.9	0.7	41.7	0.0	0.0	-5.0	-0.0	0.0	40.9	-2.6	-2.5	-2.7	2.8	6.1	-4.3
28.10	-0.0	0.1	-4.6	-1.1	-0.1	41.5	0.1	0.1	-4.3	-1.9	0.7	40.9	2.6	-2.5	2.3	3.7	-5.3	-4.2
28.20	-0.0	0.1	-4.6	-1.1	-0.1	41.5	0.1	0.1	-4.3	-1.9	0.7	40.9	2.6	-2.5	2.3	3.7	-5.3	-4.2
28.30	0.7	0.0	-4.5	-0.7	0.1	41.6	0.0	0.1	-4.3	-1.9	0.7	40.9	-3.0	2.5	2.2	2.7	-5.1	-4.2
28.40	0.7	0.0	-4.5	-0.7	0.1	41.6	0.0	0.1	-4.3	-1.9	0.7	40.9	-3.0	2.5	2.2	2.7	-5.1	-4.2
28.50	0.2	-0.1	-4.5	-1.0	-0.3	41.5	0.0	0.0	-4.3	-1.9	0.7	40.9	-2.6	2.6	2.2	4.1	-5.8	-4.1
28.60	0.2	-0.1	-4.5	-1.0	-0.3	41.5	0.0	0.0	-4.3	-1.9	0.7	40.9	-2.6	2.6	2.2	4.1	-5.8	-4.1
28.70	-0.4	-0.2	-4.7	-0.8	0.3	41.5	-0.0	0.0	-4.4	-1.8	0.7	40.9	2.8	2.7	2.3	-2.6	-4.5	-4.1
28.80	-0.4	-0.2	-4.7	-0.8	0.3	41.5	-0.0	0.0	-4.4	-1.8	0.7	40.9	2.8	2.7	2.3	-2.6	-4.5	-4.1
28.90	-0.6	-0.1	-4.9	-0.7	1.2	41.5	-0.1	-0.0	-4.4	-1.7	0.6	40.9	2.9	2.6	2.5	-4.8	2.7	-4.1
29.00	-0.6	-0.1	-4.9	-0.7	1.2	41.5	-0.1	-0.0	-4.4	-1.7	0.6	40.9	2.9	2.6	2.5	-4.8	2.7	-4.1
29.10	0.5	0.1	-4.5	-0.8	2.0	41.6	-0.2	-0.0	-4.5	-1.6	0.6	40.9	-3.1	-2.6	2.0	-6.8	5.1	-4.3
29.20	0.5	0.1	-4.5	-0.8	2.0	41.6	-0.2	-0.0	-4.5	-1.6	0.6	40.9	-3.1	-2.6	2.0	-6.8	5.1	-4.3
29.30	-0.1	-0.3	-4.8	-1.9	1.6	41.4	-0.5	-0.1	-4.6	-1.4	0.6	40.9	-2.8	2.6	2.2	-4.4	5.3	-4.1
29.40	-0.1	-0.3	-4.8	-1.9	1.6	41.4	-0.5	-0.1	-4.6	-1.4	0.6	40.9	-2.8	2.6	2.2	-4.4	5.3	-4.1
29.50	-0.6	-0.2	-4.8	-1.9	1.0	41.5	-0.7	-0.2	-4.8	-1.2	0.6	40.9	-2.5	-2.5	2.1	-2.6	4.1	-4.1
29.60	-0.6	-0.2	-4.8	-1.9	1.0	41.5	-0.7	-0.2	-4.8	-1.2	0.6	40.9	-2.5	-2.5	2.1	-2.6	4.1	-4.1
29.70	-0.4	-0.2	-4.6	-1.5	0.4	41.4	-0.9	-0.3	-4.9	-0.9	0.6	40.9	-2.9	-2.5	-2.3	3.8	-2.6	-4.1
29.80	-0.4	-0.2	-4.6	-1.5	0.4	41.4	-0.9	-0.3	-4.9	-0.9	0.6	40.9	-2.9	-2.5	-2.3	3.8	-2.6	-4.1
29.90	0.1	-0.2	-4.9	-2.0	-0.8	41.6	-1.2	-0.4	-5.1	-0.6	0.6	40.9	-3.5	-2.7	-2.2	7.4	-4.6	-4.2
30.00	0.1	-0.2	-4.9	-2.0	-0.8	41.6	-1.2	-0.4	-5.1	-0.6	0.6	40.9	-3.5	-2.7	-2.2	7.4	-4.6	-4.2
30.10	-0.3	-0.4	-5.0	-2.3	-0.9	41.5	-1.6	-0.5	-5.3	-0.3	0.6	40.9	-3.5	-2.5	-2.3	8.4	-4.2	-4.1
30.20	-0.3	-0.4	-5.0	-2.3	-0.9	41.5	-1.6	-0.5	-5.3	-0.3	0.6	40.9	-3.5	-2.5	-2.3	8.4	-4.2	-4.1
30.30	-1.0	-0.1	-4.7	-2.0	-1.0	41.6	-2.2	-0.7	-5.7	0.4	0.6	40.9	-3.5	-2.9	-3.0	8.9	-4.3	-4.2
30.40	-1.0	-0.1	-4.7	-2.0	-1.0	41.6	-2.2	-0.7	-5.7	0.4	0.6	40.9	-3.5	-2.9	-3.0	8.9	-4.3	-4.2
30.50	-1.3	-0.1	-4.6	-1.3	-0.1	41.6	-2.7	-0.9	-6.0	0.9	0.6	40.9	-3.6	-3.1	-3.4	6.5	2.8	-4.2
30.60	-1.3	-0.1	-4.6	-1.3	-0.1	41.6	-2.7	-0.9	-6.0	0.9	0.6	40.9	-3.6	-3.1	-3.4	6.5	2.8	-4.2
30.70	-1.8	-0.4	-4.7	-1.9	-0.4	41.6	-3.2	-1.0	-6.3	1.4	0.6	40.9	-3.6	-3.0	-3.6	8.3	3.3	-4.2
30.80	-1.8	-0.4	-4.7	-1.9	-0.4	41.6	-3.2	-1.0	-6.3	1.4	0.6	40.9	-3.6	-3.0	-3.6	8.3	3.3	-4.2
30.90	-2.5	-0.8	-5.0	-1.8	0.8	41.6	-3.8	-1.2	-6.7	2.1	0.6	40.9	-3.6	-2.9	-3.7	6.0	6.8	-4.2
31.00	-2.5	-0.8	-5.0	-1.8	0.8	41.6	-3.8	-1.2	-6.7	2.1	0.6	40.9	-3.6	-2.9	-3.7	6.0	6.8	-4.2
31.10	-3.4	-1.0	-5.0	-1.2	1.0	41.6	-4.5	-1.5	-7.1	2.7	0.6	40.9	-3.4	-2.8	-4.1	5.6	7.4	-4.2
31.20	-3.4	-1.0	-5.0	-1.2	1.0	41.6	-4.5	-1.5	-7.1	2.7	0.6	40.9	-3.4	-2.8	-4.1	5.6	7.4	-4.2
31.30	-4.0	-1.4	-5.4	-0.7	1.6	41.7	-5.6	-1.8	-7.8	3.9	0.6	40.9	-3.8	-2.8	-4.5	4.5	9.5	-4.3
31.40	-4.0	-1.4	-5.4	-0.7	1.6	41.7	-5.6	-1.8	-7.8	3.9	0.6	40.9	-3.8	-2.8	-4.5	4.5	9.5	-4.3
31.50	-4.7	-2.3	-6.3	-0.2	0.2	41.5	-6.4	-2.1	-8.3	4.7	0.6	40.9	-3.9	2.6	-4.0	8.6	6.3	-4.1
31.60	-4.7	-2.3	-6.3	-0.2	0.2	41.5	-6.4	-2.1	-8.3	4.7	0.6	40.9	-3.9	2.6	-4.0	8.6	6.3	-4.1
31.70	-5.5	-2.5	-7.3	0.7	0.1	41.5	-7.3	-2.4	-8.9	5.6	0.6	40.9	-4.0	2.6	-3.6	8.6	6.1	-4.2
31.80	-5.5	-2.5	-7.3	0.7	0.1	41.5	-7.3	-2.4	-8.9	5.6	0.6	40.9	-4.0	2.6	-3.6	8.6	6.1	-4.2
31.90	-6.8	-2.9	-8.2	2.2	-0.9	41.4	-8.3	-2.7	-9.5	6.6	0.6	40.9	-3.7	2.7	-3.3	10.6	3.1	-4.1
32.00	-6.8	-2.9	-8.2	2.2	-0.9	41.4	-8.3	-2.7	-9.5	6.6	0.6	40.9	-3.7	2.7	-3.3	10.6	3.1	-4.1
32.10	-8.5	-3.1	-9.5	4.1	-1.2	41.5	-9.3	-3.1	-10.1	7.6	0.6	40.9	-3.1	2.5	-2.6	10.5	-3.5	-4.1
32.20	-8.5	-3.1	-9.5	4.1	-1.2	41.5	-9.3	-3.1	-10.1	7.6	0.6	40.9	-3.1	2.5	-2.6	10.5	-3.5	-4.1
32.30	-8.7	-3.4	-10.3	5.3	-1.4	41.4	-10.9	-3.6	-11.1	9.2	0.6	40.9	-4.2	-2.7	-2.7	11.2	-3.4	-4.1
32.40	-8.7	-3.4	-10.3	5.3	-1.4	41.4	-10.9	-3.6	-11.1	9.2	0.6	40.9	-4.2	-2.7	-2.7	11.2	-3.4	-4.1
32.50	-9.5	-3.4	-10.7	6.7	0.2	41.6	-12.0	-4.0	-11.8	10.4	0.6	40.9	-4.5	-3.0	-3.1	7.2	5.2	-4.2
32.60	-9.5	-3.4	-10.7	6.7	0.2	41.6	-12.0	-4.0	-11.8	10.4	0.6	40.9	-4.5	-3.0	-3.1	7.2	5.2	-4.2
32.70	-10.7	-3.7	-11.2	7.8	0.1	41.5	-13.2	-4.4	-12.5	11.6	0.6	40.9	-4.5	-3.1	-3.3	7.4	5.2	-4.1
32.80	-10.7	-3.7	-11.2	7.8	0.1	41.5	-13.2	-4.4	-12.5	11.6	0.6	40.9	-4.5	-3.1	-3.3	7.4	5.2	-4.1
32.90	-12.2	-4.4	-11.7	9.1	1.0	41.5	-14.5	-4.8	-13.3	12.9	0.5	40.9	-4.3	-2.8	-3.6	5.1	7.4	-4.1
33.00	-12.2	-4.4	-11.7	9.1	1.0	41.5	-14.5	-4.8	-13.3	12.9	0.5	40.9	-4.3	-2.8	-3.6	5.1	7.4	-4.1
33.10	-12.8	-5.1	-11.8	10.4	0.8	41.5	-15.8	-5.2	-14.1	14.3	0.5	40.9	-4.9	-2.6	-4.3	5.7	7.0	-4.1
33.20	-12.8	-5.1	-11.8	10.4	0.8	41.5	-15.8	-5.2	-14.1	14.3	0.5	40.9	-4.9	-2.6	-4.3	5.7	7.0	-4.1
33.30	-13.8	-5.9	-12.5	11.8	1.0	41.5	-17.9	-5.9	-15.4	16.4	0.5	40.9	-5.8	-2.5	-4.9	5.7	8.4	-4.2
33.40	-13.8	-5.9	-12.5	11.8	1.0	41.5	-17.9	-5.9	-15.4	16.4	0.5	40.9	-5.8	-2.5	-4.9	5.7	8.4	-4.2
33.50	-15.9	-6.4	-13.9	13.2	-0.1	41.4	-19.3	-6.4	-16.3	17.9	0.5	40.9	-5.2	2.5	-4.4	8.7	5.7	-4.0
33.60	-15.9	-6.4	-13.9	13.2	-0.1	41.4	-19.3	-6.4	-16.3	17.9	0.5	40.9	-5.2	2.5	-4.4	8.7	5.7	-4.0
33.70	-17.7	-7.1	-15.1	15.3	0.0	41.5	-20.8	-6.9	-17.2	19.4	0.5	40.9	-5.0	2.6	-4.1	7.7	5.4	-4.1
33.80	-17.7	-7.1	-15.1	15.3	0.0	41.5	-20.8	-6.9	-17.2	19.4	0.5	40.9	-5.0	2.6	-4.1	7.7	5.4	-4.1
33.90	-18.7	-7.1	-16.6	17.4	-0.3	41.5	-22.3	-7.4	-18.2	20.9	0.5	40.9	-5.4	-2.7	-3.5	8.1	4.0	-4.2
34.00	-18.7	-7.1	-16.6	17.4	-0.3	41.5	-22.3	-7.4	-18.2	20.9	0.5	40.9	-5.4	-2.7	-3.5	8.1	4.0	-4.2
34.10	-20.1	-7.6	-18.0	19.0	-0.4	41.5	-23.9	-7.9	-19.1	22.6	0.5	40.9	-5.6	-2.8	-3.2	8.4	3.8	-4.1
34.20	-20.1	-7.6	-18.0	19.0	-0.4	41.5	-23.9	-7.9	-19.1	22.6	0.5	40.9	-5.6	-2.8	-3.2	8.4	3.8	-4.1
34.30	-22.5	-8.0	-18.9	20.2	-1.2	41.4	-26.4	-8.8	-20.6	25.0	0.5	40.9	-5.6	-3.1	-3.7	11.5	3.2	-4.1
34.40	-22.5	-8.0	-18.9	20.2	-1.2	41.4	-26.4	-8.8	-20.6	25.0	0.5	40.9	-5.6	-3.1	-3.7	11.5	3.2	-4.1
34.50	-24.6	-8.7	-19.5	22.3	-0.7	41.5	-28.0	-9.3	-21.7	26.7	0.4	40.9	-5.2	-3.0	-4.1	9.7	4.1	-4.1
34.60	-24.6	-8.7	-19.5	22.3	-0.7	41.5	-28.0	-9.3	-21.7	26.7	0.4	40.9	-5.2	-3.0	-4.1	9.7	4.1	-4.1
34.70	-25.6	-9.2	-20.1	24.4	-0.2	41.6	-29.7	-9.9	-22.7	28.5	0.4	40.9	-5.8	-3.0	-4.6	8.1	5.1	-4.2
34.80	-25.6	-9.2	-20.1	24.4	-0.2	41.6	-29.7	-9.9	-22.7	28.5	0.4	40.9	-5.8	-3.0	-4.6	8.1	5.1	-4.2
34.90	-27.1	-9.8	-21.1	26.4	0.7	41.6	-31.4	-10.5	-23.8	30.2	0.4	40.9	-6.0	-3.0	-4.7	5.7	7.0	-4.2
35.00	-27.1	-9.8	-21.1	26.4	0.7	41.6	-31.4	-10.5	-23.8	30.2	0.4	40.9	-6.0	-3.0	-4.7	5.7	7.0	-4.2
35.10	-29.4	-10.9	-22.4	27.6	0.4	41.6	-33.2	-11.0	-24.9	32.0	0.4	40.9	-5.6	-2.6	-4.5	7.0	6.9	-4.3
35.20	-29.4	-10.9	-22.4	27.6	0.4	41.6	-33.2	-11.0	-24.9	32.0	0.4	40.9	-5.6	-2.6	-4.5	7.0	6.9	-4.3
35.30	-32.0	-11.7	-23.5	29.8	0.0	41.6	-35.9	-11.9	-26.5	34.7	0.4	40.9	-5.6	-2.7	-5.0	8.4	6.4	-4.3
35.40	-32.0	-11.7	-23.5	29.8	0.0	41.6	-35.9	-11.9	-26.5	34.7	0.4	40.9	-5.6	-2.7	-5.0	8.4	6.4	-4.3
35.50	-33.8	-12.7	-25.1	31.5	-0.4	41.6	-37.7	-12.5	-27.6	36.6	0.4	40.9	-5.6	2.6	-4.6	9.6	5.5	-4.3
35.60	-33.8	-12.7	-25.1	31.5	-0.4	41.6	-37.7	-12.5	-27.6	36.6	0.4	40.9	-5.6	2.6	-4.6	9.6	5.5	-4.3
35.70	-35.5	-13.1	-26.9	33.1	-1.1	41.4	-39.5	-13.1	-28.8	38.4	0.4	40.9	-5.7	-2.6	-3.8	11.6	4.0	-4.1
35.80	-35.5	-13.1	-26.9	33.1	-1.1	41.4	-39.5	-13.1	-28.8	38.4	0.4	40.9	-5.7	-2.6	-3.8	11.6	4.0	-4.1
35.90	-37.4	-13.8	-28.4	34.9	-0.9	41.5	-41.3	-13.7	-29.9	40.3	0.4	40.9	-5.6	2.5	-3.5	11.1	4.6	-4.2
36.00	-37.4	-13.8	-28.4	34.9	-0.9	41.5	-41.3	-13.7	-29.9	40.3	0.4	40.9	-5.6	2.5	-3.5	11.1	4.6	-4.2
36.10	-39.5	-13.9	-29.6	37.5	-1.1	41.5	-43.1	-14.4	-31.0	42.2	0.3	40.9	-5.4	-2.9	-3.4	10.8	3.5	-4.2
36.20	-39.5	-13.9	-29.6	37.5	-1.1	41.5	-43.1	-14.4	-31.0	42.2	0.3	40.9	-5.4	-2.9	-3.4	10.8	3.5	-4.2
36.30	-41.5	-15.0	-30.8	39.5	-1.2	41.5	-45.9	-15.3	-32.7	45.0	0.3	40.9	-6.0	-2.8	-4.0	11.8	4.1	-4.1
36.40	-41.5	-15.0	-30.8	39.5	-1.2	41.5	-45.9	-15.3	-32.7	45.0	0.3	40.9	-6.0	-2.8	-4.0	11.8	4.1	-4.1
36.50	-43.1	-15.4	-31.6	41.5	-1.3	41.4	-47.7	-15.9	-33.9	46.8	0.3	40.9	-6.2	-2.9	-4.3	11.9	3.9	-4.0
36.60	-43.1	-15.4	-31.6	41.5	-1.3	41.4	-47.7	-15.9	-33.9	46.8	0.3	40.9	-6.2	-2.9	-4.3	11.9	3.9	-4.0
36.70	-44.8	-16.1	-32.6	43.4	-0.4	41.5	-49.5	-16.5	-35.0	48.7	0.3	40.9	-6.3	-2.8	-4.4	9.4	6.1	-4.2
36.80	-44.8	-16.1	-32.6	43.4	-0.4	41.5	-49.5	-16.5	-35.0	48.7	0.3	40.9	-6.3	-2.8	-4.4	9.4	6.1	-4.2
36.90	-47.3	-16.8	-33.8	45.9	-0.3	41.6	-51.4	-17.1	-36.1	50.6	0.3	40.9	-5.7	-2.7	-4.3	8.5	5.8	-4.2
37.00	-47.3	-16.8	-33.8	45.9	-0.3	41.6	-51.4	-17.1	-36.1	50.6	0.3	40.9	-5.7	-2.7	-4.3	8.5	5.8	-4.2
37.10	-49.9	-17.9	-35.1	48.0	0.1	41.4	-53.2	-17.7	-37.2	52.4	0.3	40.9	-5.1	2.6	-4.2	7.4	6.5	-4.0
37.20	-49.9	-17.9	-35.1	48.0	0.1	41.4	-53.2	-17.7	-37.2	52.4	0.3	40.9	-5.1	2.6	-4.2	7.4	6.5	-4.0
37.30	-51.3	-18.4	-36.6	50.0	-0.1	41.5	-55.9	-18.6	-38.9	55.2	0.2	40.9	-6.2	-2.7	-4.3	8.4	6.8	-4.1
37.40	-51.3	-18.4	-36.6	50.0	-0.1	41.5	-55.9	-18.6	-38.9	55.2	0.2	40.9	-6.2	-2.7	-4.3	8.4	6.8	-4.1
37.50	-53.0	-18.7	-37.9	52.2	0.5	41.5	-57.6	-19.2	-40.0	57.0	0.2	40.9	-6.2	-2.9	-4.1	6.4	8.0	-4.2
37.60	-53.0	-18.7	-37.9	52.2	0.5	41.5	-57.6	-19.2	-40.0	57.0	0.2	40.9	-6.2	-2.9	-4.1	6.4	8.0	-4.2
37.70	-55.8	-19.6	-38.7	54.4	-0.6	41.4	-59.4	-19.8	-41.1	58.7	0.2	40.9	-5.3	-2.6	-4.3	9.0	4.7	-4.1
37.80	-55.8	-19.6	-38.7	54.4	-0.6	41.4	-59.4	-19.8	-41.1	58.7	0.2	40.9	-5.3	-2.6	-4.3	9.0	4.7	-4.1
37.90	-57.7	-20.1	-40.3	56.9	-0.2	41.4	-61.1	-20.3	-42.1	60.5	0.2	40.9	-5.2	-2.7	-3.8	7.1	5.0	-4.0
38.00	-57.7	-20.1	-40.3	56.9	-0.2	41.4	-61.1	-20.3	-42.1	60.5	0.2	40.9	-5.2	-2.7	-3.8	7.1	5.0	-4.0
38.10	-59.2	-21.2	-41.3	58.6	-0.6	41.6	-62.8	-20.9	-43.2	62.2	0.2	40.9	-5.4	2.7	-3.9	8.0	4.2	-4.2
38.20	-59.2	-21.2	-41.3	58.6	-0.6	41.6	-62.8	-20.9	-43.2	62.2	0.2	40.9	-5.4	2.7	-3.9	8.0	4.2	-4.2
38.30	-60.6	-21.5	-42.3	60.3	-0.2	41.5	-65.2	-21.7	-44.7	64.7	0.2	40.9	-6.2	-2.7	-4.4	7.8	5.9	-4.2
38.40	-60.6	-21.5	-42.3	60.3	-0.2	41.5	-65.2	-21.7	-44.7	64.7	0.2	40.9	-6.2	-2.7	-4.4	7.8	5.9	-4.2
38.50	-62.5	-22.1	-44.1	62.3	-0.1	41.6	-66.8	-22.3	-45.7	66.3	0.2	40.9	-6.0	-2.7	-3.5	7.3	5.8	-4.3
38.60	-62.5	-22.1	-44.1	62.3	-0.1	41.6	-66.8	-22.3	-45.7	66.3	0.2	40.9	-6.0	-2.7	-3.5	7.3	5.8	-4.3
38.70	-64.7	-22.3	-45.5	64.3	0.1	41.6	-68.4	-22.8	-46.6	67.9	0.2	40.9	-5.4	-2.9	-3.1	6.3	6.0	-4.2
38.80	-64.7	-22.3	-45.5	64.3	0.1	41.6	-68.4	-22.8	-46.6	67.9	0.2	40.9	-5.4	-2.9	-3.1	6.3	6.0	-4.2
38.90	-66.1	-23.1	-46.1	65.8	-0.5	41.7	-69.9	-23.3	-47.6	69.5	0.1	40.9	-5.5	-2.6	-3.4	7.7	4.5	-4.3
39.00	-66.1	-23.1	-46.1	65.8	-0.5	41.7	-69.9	-23.3	-47.6	69.5	0.1	40.9	-5.5	-2.6	-3.4	7.7	4.5	-4.3
39.10	-68.1	-23.9	-47.5	67.1	-1.1	41.5	-71.3	-23.8	-48.5	71.0	0.1	40.9	-5.1	2.6	-3.0	9.5	3.2	-4.2
39.20	-68.1	-23.9	-47.5	67.1	-1.1	41.5	-71.3	-23.8	-48.5	71.0	0.1	40.9	-5.1	2.6	-3.0	9.5	3.2	-4.2
39.30	-70.4	-24.4	-48.5	68.6	-1.7	41.4	-73.4	-24.5	-49.8	73.1	0.1	40.9	-5.0	-2.6	-3.3	11.5	-2.6	-4.1
39.40	-70.4	-24.4	-48.5	68.6	-1.7	41.4	-73.4	-24.5	-49.8	73.1	0.1	40.9	-5.0	-2.6	-3.3	11.5	-2.6	-4.1
39.50	-71.9	-24.8	-49.1	70.8	-0.5	41.6	-74.8	-24.9	-50.6	74.5	0.1	40.9	-4.8	-2.6	-3.5	7.7	4.6	-4.2
39.60	-71.9	-24.8	-49.1	70.8	-0.5	41.6	-74.8	-24.9	-50.6	74.5	0.1	40.9	-4.8	-2.6	-3.5	7.7	4.6	-4.2
39.70	-73.0	-24.5	-49.2	72.4	-0.7	41.6	-76.1	-25.4	-51.4	75.8	0.1	40.9	-4.9	-3.2	-4.2	7.9	4.0	-4.2
39.80	-73.0	-24.5	-49.2	72.4	-0.7	41.6	-76.1	-25.4	-51.4	75.8	0.1	40.9	-4.9	-3.2	-4.2	7.9	4.0	-4.2
39.90	-75.0	-26.0	-50.7	73.4	-0.7	41.5	-77.3	-25.8	-52.2	77.1	0.1	40.9	-4.3	2.7	-3.5	8.1	4.2	-4.1
40.00	-75.0	-26.0	-50.7	73.4	-0.7	41.5	-77.3	-25.8	-52.2	77.1	0.1	40.9	-4.3	2.7	-3.5	8.1	4.2	-4.1
40.10	-76.0	-26.1	-51.0	75.8	0.6	41.6	-78.5	-26.2	-52.9	78.3	0.1	40.9	-4.5	-2.6	-3.9	3.8	6.1	-4.2
40.20	-76.0	-26.1	-51.0	75.8	0.6	41.6	-78.5	-26.2	-52.9	78.3	0.1	40.9	-4.5	-2.6	-3.9	3.8	6.1	-4.2
40.30	-77.7	-27.1	-52.1	77.5	0.8	41.7	-80.2	-26.7	-53.9	79.9	0.1	40.9	-4.5	2.8	-3.8	3.2	6.7	-4.4
40.40	-77.7	-27.1	-52.1	77.5	0.8	41.7	-80.2	-26.7	-53.9	79.9	0.1	40.9	-4.5	2.8	-3.8	3.2	6.7	-4.4
40.50	-79.6	-27.3	-53.9	78.1	0.2	41.5	-81.2	-27.1	-54.5	81.0	0.1	40.9	-3.8	2.7	-2.7	5.2	5.7	-4.2
40.60	-79.6	-27.3	-53.9	78.1	0.2	41.5	-81.2	-27.1	-54.5	81.0	0.1	40.9	-3.8	2.7	-2.7	5.2	5.7	-4.2
40.70	-80.9	-28.1	-55.2	79.1	-1.1	41.5	-82.2	-27.4	-55.2	82.0	0.1	40.9	-3.5	3.1	2.1	8.2	2.6	-4.1
40.80	-80.9	-28.1	-55.2	79.1	-1.1	41.5	-82.2	-27.4	-55.2	82.0	0.1	40.9	-3.5	3.1	2.1	8.2	2.6	-4.1
40.90	-82.0	-28.2	-56.0	80.3	-1.7	41.4	-83.1	-27.7	-55.7	82.9	0.1	40.9	-3.3	2.9	2.3	9.5	-4.2	-4.0
41.00	-82.0	-28.2	-56.0	80.3	-1.7	41.4	-83.1	-27.7	-55.7	82.9	0.1	40.9	-3.3	2.9	2.3	9.5	-4.2	-4.0
41.10	-83.2	-28.4	-56.2	82.0	-1.3	41.6	-83.9	-28.0	-56.2	83.8	0.0	40.9	-3.1	2.8	2.0	7.7	-4.0	-4.3
41.20	-83.2	-28.4	-56.2	82.0	-1.3	41.6	-83.9	-28.0	-56.2	83.8	0.0	40.9	-3.1	2.8	2.0	7.7	-4.0	-4.3
41.30	-84.4	-28.8	-57.0	81.9	-0.9	41.4	-85.1	-28.4	-57.0	85.0	0.0	40.9	-3.1	2.8	2.0	7.8	3.3	-4.1
41.40	-84.4	-28.8	-57.0	81.9	-0.9	41.4	-85.1	-28.4	-57.0	85.0	0.0	40.9	-3.1	2.8	2.0	7.8	3.3	-4.1
41.50	-84.6	-28.6	-57.2	82.6	-0.5	41.5	-85.8	-28.6	-57.4	85.7	0.0	40.9	-3.5	-2.5	-2.2	6.8	4.4	-4.1
41.60	-84.6	-28.6	-57.2	82.6	-0.5	41.5	-85.8	-28.6	-57.4	85.7	0.0	40.9	-3.5	-2.5	-2.2	6.8	4.4	-4.1
41.70	-85.2	-28.9	-57.0	83.2	0.6	41.5	-86.4	-28.8	-57.8	86.3	0.0	40.9	-3.4	2.6	-2.8	4.2	7.1	-4.1
41.80	-85.2	-28.9	-57.0	83.2	0.6	41.5	-86.4	-28.8	-57.8	86.3	0.0	40.9	-3.4	2.6	-2.8	4.2	7.1	-4.1
41.90	-86.2	-28.8	-57.7	83.9	0.1	41.4	-87.0	-29.0	-58.1	86.9	0.0	40.9	-3.1	-2.7	-2.4	5.3	5.8	-4.1
42.00	-86.2	-28.8	-57.7	83.9	0.1	41.4	-87.0	-29.0	-58.1	86.9	0.0	40.9	-3.1	-2.7	-2.4	5.3	5.8	-4.1
42.10	-86.4	-29.2	-57.6	85.1	0.8	41.6	-87.5	-29.2	-58.5	87.5	0.0	40.9	-3.4	2.5	-2.8	2.9	6.8	-4.2
42.20	-86.4	-29.2	-57.6	85.1	0.8	41.6	-87.5	-29.2	-58.5	87.5	0.0	40.9	-3.4	2.5	-2.8	2.9	6.8	-4.2
42.30	-86.6	-29.2	-57.2	86.5	-0.2	41.6	-88.2	-29.4	-58.9	88.1	0.0	40.9	-3.8	-2.6	-3.6	4.7	3.5	-4.2
42.40	-86.6	-29.2	-57.2	86.5	-0.2	41.6	-88.2	-29.4	-58.9	88.1	0.0	40.9	-3.8	-2.6	-3.6	4.7	3.5	-4.2
42.50	-87.1	-30.3	-57.9	87.5	-0.6	41.7	-88.6	-29.5	-59.1	88.5	0.0	40.9	-3.6	3.1	-3.2	5.2	-3.0	-4.3
42.60	-87.1	-30.3	-57.9	87.5	-0.6	41.7	-88.6	-29.5	-59.1	88.5	0.0	40.9	-3.6	3.1	-3.2	5.2	-3.0	-4.3
42.70	-89.0	-31.1	-58.4	87.7	-1.7	41.4	-88.9	-29.6	-59.3	88.9	0.0	40.9	2.6	3.7	-3.0	8.1	-5.7	-4.1
42.80	-89.0	-31.1	-58.4	87.7	-1.7	41.4	-88.9	-29.6	-59.3	88.9	0.0	40.9	2.6	3.7	-3.0	8.1	-5.7	-4.1
42.90	-89.5	-31.3	-59.1	87.6	-0.9	41.5	-89.2	-29.7	-59.5	89.1	0.0	40.9	2.7	3.8	-2.4	6.4	-3.4	-4.2
43.00	-89.5	-31.3	-59.1	87.6	-0.9	41.5	-89.2	-29.7	-59.5	89.1	0.0	40.9	2.7	3.8	-2.4	6.4	-3.4	-4.2
43.10	-89.3	-31.2	-60.3	87.3	-0.5	41.4	-89.4	-29.8	-59.6	89.4	0.0	40.9	-2.6	3.6	2.6	5.9	3.3	-4.1
43.20	-89.3	-31.2	-60.3	87.3	-0.5	41.4	-89.4	-29.8	-59.6	89.4	0.0	40.9	-2.6	3.6	2.6	5.9	3.3	-4.1
43.30	-89.7	-31.2	-60.9	87.0	0.1	41.5	-89.6	-29.9	-59.8	89.6	0.0	40.9	2.6	3.6	3.1	5.0	5.3	-4.1
43.40	-89.7	-31.2	-60.9	87.0	0.1	41.5	-89.6	-29.9	-59.8	89.6	0.0	40.9	2.6	3.6	3.1	5.0	5.3	-4.1
43.50	-90.1	-31.4	-60.8	88.0	-0.1	41.5	-89.8	-29.9	-59.9	89.8	0.0	40.9	2.8	3.7	2.9	4.6	4.0	-4.1
43.60	-90.1	-31.4	-60.8	88.0	-0.1	41.5	-89.8	-29.9	-59.9	89.8	0.0	40.9	2.8	3.7	2.9	4.6	4.0	-4.1
43.70	-90.3	-31.1	-61.2	88.2	0.3	41.5	-89.9	-30.0	-59.9	89.9	0.0	40.9	2.8	3.4	3.3	3.3	5.1	-4.2
43.80	-90.3	-31.1	-61.2	88.2	0.3	41.5	-89.9	-30.0	-59.9	89.9	0.0	40.9	2.8	3.4	3.3	3.3	5.1	-4.2
43.90	-89.8	-31.2	-61.3	88.7	-0.1	41.5	-89.9	-30.0	-60.0	89.9	0.0	40.9	-2.6	3.5	3.4	3.9	3.5	-4.2
44.00	-89.8	-31.2	-61.3	88.7	-0.1	41.5	-89.9	-30.0	-60.0	89.9	0.0	40.9	-2.6	3.5	3.4	3.9	3.5	-4.2
44.10	-89.6	-30.8	-61.0	89.0	0.1	41.6	-90.0	-30.0	-60.0	90.0	0.0	40.9	-2.8	3.2	3.1	3.2	3.8	-4.2
44.20	-89.6	-30.8	-61.0	89.0	0.1	41.6	-90.0	-30.0	-60.0	90.0	0.0	40.9	-2.8	3.2	3.1	3.2	3.8	-4.2
44.30	-90.1	-31.2	-61.3	90.0	-0.8	41.6	-90.0	-30.0	-60.0	90.0	0.0	40.9	2.6	3.5	3.3	4.6	-4.6	-4.2
44.40	-90.1	-31.2	-61.3	90.0	-0.8	41.6	-90.0	-30.0	-60.0	90.0	0.0	40.9	2.6	3.5	3.3	4.6	-4.6	-4.2
44.50	-90.2	-30.9	-61.0	89.9	-0.6	41.5	-90.0	-30.0	-60.0	90.0	0.0	40.9	2.6	3.2	3.0	4.2	-3.9	-4.2
44.60	-90.2	-30.9	-61.0	89.9	-0.6	41.5	-90.0	-30.0	-60.0	90.0	0.0	40.9	2.6	3.2	3.0	4.2	-3.9	-4.2
44.70	-89.7	-31.6	-60.6	88.7	-0.9	41.5	-90.0	-30.0	-60.0	90.0	0.0	40.9	-2.8	3.8	2.6	5.9	-3.4	-4.2
44.80	-89.7	-31.6	-60.6	88.7	-0.9	41.5	-90.0	-30.0	-60.0	90.0	0.0	40.9	-2.8	3.8	2.6	5.9	-3.4	-4.2
44.90	-89.7	-31.4	-60.9	88.6	-0.5	41.5	-90.0	-30.0	-60.0	90.0	0.0	40.9	-2.7	3.6	2.9	5.1	2.8	-4.1
45.00	-89.7	-31.4	-60.9	88.6	-0.5	41.5	-90.0	-30.0	-60.0	90.0	0.0	40.9	-2.7	3.6	2.9	5.1	2.8	-4.1
45.10	-89.8	-31.3	-60.7	89.3	-0.1	41.5	-90.0	-30.0	-60.0	90.0	0.0	40.9	-2.7	3.5	2.7	3.4	2.9	-4.2
45.20	-89.8	-31.3	-60.7	89.3	-0.1	41.5	-90.0	-30.0	-60.0	90.0	0.0	40.9	-2.7	3.5	2.7	3.4	2.9	-4.2
45.30	-89.9	-31.2	-60.5	88.7	0.4	41.4	-90.0	-30.0	-60.0	90.0	0.0	40.9	-2.6	3.5	2.5	2.8	4.8	-4.1
45.40	-89.9	-31.2	-60.5	88.7	0.4	41.4	-90.0	-30.0	-60.0	90.0	0.0	40.9	-2.6	3.5	2.5	2.8	4.8	-4.1
45.50	-89.9	-31.3	-60.8	88.9	-0.2	41.5	-90.0	-30.0	-60.0	90.0	0.0	40.9	-2.6	3.5	2.8	4.0	3.2	-4.1
45.60	-89.9	-31.3	-60.8	88.9	-0.2	41.5	-90.0	-30.0	-60.0	90.0	0.0	40.9	-2.6	3.5	2.8	4.0	3.2	-4.1
45.70	-89.4	-31.4	-60.7	89.4	0.6	41.6	-90.0	-30.0	-60.0	90.0	0.0	40.9	-3.0	3.6	2.7	-3.3	4.5	-4.2
45.80	-89.4	-31.4	-60.7	89.4	0.6	41.6	-90.0	-30.0	-60.0	90.0	0.0	40.9	-3.0	3.6	2.7	-3.3	4.5	-4.2
45.90	-89.3	-30.6	-60.5	89.9	-0.0	41.7	-90.0	-30.0	-60.0	90.0	0.0	40.9	-3.1	3.0	2.5	2.7	2.5	-4.4
46.00	-89.3	-30.6	-60.5	89.9	-0.0	41.7	-90.0	-30.0	-60.0	90.0	0.0	40.9	-3.1	3.0	2.5	2.7	2.5	-4.4
46.10	-90.1	-31.3	-60.8	89.8	-0.7	41.6	-90.0	-30.0	-60.0	90.0	0.0	40.9	2.6	3.5	2.8	4.4	-4.1	-4.2
46.20	-90.1	-31.3	-60.8	89.8	-0.7	41.6	-90.0	-30.0	-60.0	90.0	0.0	40.9	2.6	3.5	2.8	4.4	-4.1	-4.2
46.30	-89.8	-30.9	-60.5	90.1	-0.9	41.6	-90.0	-30.0	-60.0	90.0	0.0	40.9	-2.7	3.2	2.5	4.6	-4.7	-4.2
46.40	-89.8	-30.9	-60.5	90.1	-0.9	41.6	-90.0	-30.0	-60.0	90.0	0.0	40.9	-2.7	3.2	2.5	4.6	-4.7	-4.2
46.50	-89.7	-31.3	-60.6	89.9	-1.0	41.6	-90.0	-30.0	-60.0	90.0	0.0	40.9	-2.7	3.6	2.6	5.0	-4.8	-4.2
46.60	-89.7	-31.3	-60.6	89.9	-1.0	41.6	-90.0	-30.0	-60.0	90.0	0.0	40.9	-2.7	3.6	2.6	5.0	-4.8	-4.2
46.70	-89.8	-30.9	-60.5	89.5	-0.4	41.6	-90.0	-30.0	-60.0	90.0	0.0	40.9	-2.7	3.2	2.5	3.9	-2.9	-4.3
46.80	-89.8	-30.9	-60.5	89.5	-0.4	41.6	-90.0	-30.0	-60.0	90.0	0.0	40.9	-2.7	3.2	2.5	3.9	-2.9	-4.3
46.90	-90.8	-31.4	-60.5	88.1	-0.7	41.6	-90.0	-30.0	-60.0	90.0	0.0	40.9	3.1	3.6	2.5	6.1	2.8	-4.3
47.00	-90.8	-31.4	-60.5	88.1	-0.7	41.6	-90.0	-30.0	-60.0	90.0	0.0	40.9	3.1	3.6	2.5	6.1	2.8	-4.3
47.10	-90.1	-31.1	-60.6	88.4	0.4	41.6	-90.0	-30.0	-60.0	90.0	0.0	40.9	2.6	3.4	2.6	3.2	5.0	-4.3
47.20	-90.1	-31.1	-60.6	88.4	0.4	41.6	-90.0	-30.0	-60.0	90.0	0.0	40.9	2.6	3.4	2.6	3.2	5.0	-4.3
47.30	-89.8	-31.1	-60.6	88.4	0.3	41.7	-90.0	-30.0	-60.0	90.0	0.0	40.9	-2.7	3.4	2.6	3.4	4.8	-4.3
47.40	-89.8	-31.1	-60.6	88.4	0.3	41.7	-90.0	-30.0	-60.0	90.0	0.0	40.9	-2.7	3.4	2.6	3.4	4.8	-4.3
47.50	-90.3	-31.2	-60.4	89.4	0.3	41.5	-90.0	-30.0	-60.0	90.0	0.0	40.9	2.7	3.5	2.4	-2.6	3.8	-4.1
47.60	-90.3	-31.2	-60.4	89.4	0.3	41.5	-90.0	-30.0	-60.0	90.0	0.0	40.9	2.7	3.5	2.4	-2.6	3.8	-4.1
47.70	-90.8	-31.3	-60.8	89.2	-0.5	41.5	-90.0	-30.0	-60.0	90.0	0.0	40.9	3.1	3.5	2.8	4.5	-2.9	-4.2
47.80	-90.8	-31.3	-60.8	89.2	-0.5	41.5	-90.0	-30.0	-60.0	90.0	0.0	40.9	3.1	3.5	2.8	4.5	-2.9	-4.2
47.90	-90.1	-31.4	-60.6	89.3	-0.2	41.6	-90.0	-30.0	-60.0	90.0	0.0	40.9	2.6	3.6	2.6	3.7	2.7	-4.2
48.00	-90.1	-31.4	-60.6	89.3	-0.2	41.6	-90.0	-30.0	-60.0	90.0	0.0	40.9	2.6	3.6	2.6	3.7	2.7	-4.2
48.10	-89.8	-31.0	-60.2	89.8	-0.4	41.6	-90.0	-30.0	-60.0	90.0	0.0	40.9	-2.7	3.3	2.2	3.5	-3.2	-4.3
48.20	-89.8	-31.0	-60.2	89.8	-0.4	41.6	-90.0	-30.0	-60.0	90.0	0.0	40.9	-2.7	3.3	2.2	3.5	-3.2	-4.3
48.30	-90.3	-31.5	-60.7	90.3	-0.4	41.5	-90.0	-30.0	-60.0	90.0	0.0	40.9	2.7	3.7	2.7	3.3	-4.0	-4.1
48.40	-90.3	-31.5	-60.7	90.3	-0.4	41.5	-90.0	-30.0	-60.0	90.0	0.0	40.9	2.7	3.7	2.7	3.3	-4.0	-4.1
48.50	-90.7	-31.2	-60.9	89.6	-0.7	41.5	-90.0	-30.0	-60.0	90.0	0.0	40.9	3.0	3.4	2.9	4.8	-3.9	-4.1
48.60	-90.7	-31.2	-60.9	89.6	-0.7	41.5	-90.0	-30.0	-60.0	90.0	0.0	40.9	3.0	3.4	2.9	4.8	-3.9	-4.1
48.70	-90.1	-31.4	-60.5	89.4	0.4	41.6	-90.0	-30.0	-60.0	90.0	0.0	40.9	2.6	3.6	2.5	-3.0	4.2	-4.2
48.80	-90.1	-31.4	-60.5	89.4	0.4	41.6	-90.0	-30.0	-60.0	90.0	0.0	40.9	2.6	3.6	2.5	-3.0	4.2	-4.2
48.90	-89.9	-31.0	-60.5	88.8	-0.1	41.5	-90.0	-30.0	-60.0	90.0	0.0	40.9	-2.6	3.3	2.5	4.0	3.4	-4.2
49.00	-89.9	-31.0	-60.5	88.8	-0.1	41.5	-90.0	-30.0	-60.0	90.0	0.0	40.9	-2.6	3.3	2.5	4.0	3.4	-4.2
49.10	-90.2	-31.4	-60.7	89.0	0.3	41.5	-90.0	-30.0	-60.0	90.0	0.0	40.9	2.7	3.6	2.7	2.7	4.3	-4.2
49.20	-90.2	-31.4	-60.7	89.0	0.3	41.5	-90.0	-30.0	-60.0	90.0	0.0	40.9	2.7	3.6	2.7	2.7	4.3	-4.2
49.30	-90.4	-31.4	-60.9	88.9	0.3	41.5	-90.4	-31.6	-61.3	88.7	0.2	40.9	2.5	-2.7	-2.4	-3.0	2.6	-4.2
49.40	-90.4	-31.4	-60.9	88.9	0.3	41.5	-90.4	-31.6	-61.3	88.7	0.2	40.9	2.5	-2.7	-2.4	-3.0	2.6	-4.2
49.50	-90.0	-31.5	-60.9	89.3	0.7	41.6	-90.4	-31.6	-61.3	88.7	0.2	40.9	-2.8	-2.6	-2.4	-4.4	3.2	-4.2
49.60	-90.0	-31.5	-60.9	89.3	0.7	41.6	-90.4	-31.6	-61.3	88.7	0.2	40.9	-2.8	-2.6	-2.4	-4.4	3.2	-4.2
49.70	-90.4	-32.2	-61.0	88.6	-0.4	41.4	-90.4	-31.6	-61.3	88.7	0.2	40.9	-2.5	3.0	-2.4	4.0	-3.6	-4.1
49.80	-90.4	-32.2	-61.0	88.6	-0.4	41.4	-90.4	-31.6	-61.3	88.7	0.2	40.9	-2.5	3.0	-2.4	4.0	-3.6	-4.1
49.90	-90.2	-32.1	-61.0	89.2	0.1	41.5	-90.3	-31.6	-61.3	88.7	0.2	40.9	-2.6	2.9	-2.3	-2.8	-3.1	-4.2
50.00	-90.2	-32.1	-61.0	89.2	0.1	41.5	-90.3	-31.6	-61.3	88.7	0.2	40.9	-2.6	2.9	-2.3	-2.8	-3.1	-4.2
50.10	-90.6	-32.5	-61.0	88.6	0.2	41.5	-90.3	-31.6	-61.2	88.6	0.2	40.9	2.7	3.2	-2.2	2.6	2.5	-4.1
50.20	-90.6	-32.5	-61.0	88.6	0.2	41.5	-90.3	-31.6	-61.2	88.6	0.2	40.9	2.7	3.2	-2.2	2.6	2.5	-4.1
50.30	-90.4	-32.1	-61.1	88.5	0.4	41.5	-90.1	-31.5	-61.1	88.5	0.2	40.9	2.7	3.0	-2.1	-3.3	3.1	-4.2
50.40	-90.4	-32.1	-61.1	88.5	0.4	41.5	-90.1	-31.5	-61.1	88.5	0.2	40.9	2.7	3.0	-2.1	-3.3	3.1	-4.2
50.50	-90.4	-32.6	-61.7	87.9	-0.2	41.3	-89.9	-31.4	-61.1	88.3	0.2	40.9	2.8	3.5	2.6	3.7	-2.9	-4.0
50.60	-90.4	-32.6	-61.7	87.9	-0.2	41.3	-89.9	-31.4	-61.1	88.3	0.2	40.9	2.8	3.5	2.6	3.7	-2.9	-4.0
50.70	-90.3	-32.0	-61.5	88.5	0.3	41.5	-89.8	-31.4	-60.9	88.1	0.2	40.9	2.9	3.0	2.6	-3.3	-2.5	-4.1
50.80	-90.3	-32.0	-61.5	88.5	0.3	41.5	-89.8	-31.4	-60.9	88.1	0.2	40.9	2.9	3.0	2.6	-3.3	-2.5	-4.1
50.90	-90.1	-32.1	-61.1	87.9	0.5	41.5	-89.5	-31.3	-60.8	87.9	0.2	40.9	3.0	3.1	2.3	-3.3	3.2	-4.2
51.00	-90.1	-32.1	-61.1	87.9	0.5	41.5	-89.5	-31.3	-60.8	87.9	0.2	40.9	3.0	3.1	2.3	-3.3	3.2	-4.2
51.10	-90.2	-31.9	-61.7	87.8	0.2	41.4	-89.2	-31.2	-60.6	87.6	0.2	40.9	3.3	3.0	3.1	-3.0	-2.5	-4.1
51.20	-90.2	-31.9	-61.7	87.8	0.2	41.4	-89.2	-31.2	-60.6	87.6	0.2	40.9	3.3	3.0	3.1	-3.0	-2.5	-4.1
51.30	-89.9	-32.2	-61.8	87.7	0.1	41.5	-88.7	-31.0	-60.3	87.1	0.2	40.9	3.4	3.4	3.5	-2.9	-3.4	-4.1
51.40	-89.9	-32.2	-61.8	87.7	0.1	41.5	-88.7	-31.0	-60.3	87.1	0.2	40.9	3.4	3.4	3.5	-2.9	-3.4	-4.1
51.50	-89.7	-32.0	-61.3	88.2	0.4	41.5	-88.3	-30.9	-60.0	86.7	0.2	40.9	3.6	3.4	3.3	-4.6	-3.5	-4.2
51.60	-89.7	-32.0	-61.3	88.2	0.4	41.5	-88.3	-30.9	-60.0	86.7	0.2	40.9	3.6	3.4	3.3	-4.6	-3.5	-4.2
51.70	-89.8	-32.0	-61.4	87.2	0.5	41.6	-87.8	-30.7	-59.7	86.2	0.2	40.9	4.1	3.5	3.7	-4.4	-2.6	-4.3
51.80	-89.8	-32.0	-61.4	87.2	0.5	41.6	-87.8	-30.7	-59.7	86.2	0.2	40.9	4.1	3.5	3.7	-4.4	-2.6	-4.3
51.90	-89.8	-32.1	-61.2	86.4	0.3	41.4	-87.2	-30.5	-59.4	85.6	0.2	40.9	4.5	3.8	3.9	-3.4	-3.0	-4.1
52.00	-89.8	-32.1	-61.2	86.4	0.3	41.4	-87.2	-30.5	-59.4	85.6	0.2	40.9	4.5	3.8	3.9	-3.4	-3.0	-4.1
52.10	-88.6	-32.1	-60.3	85.7	0.4	41.6	-86.6	-30.3	-59.0	85.1	0.2	40.9	4.1	4.0	3.3	-3.9	-2.5	-4.2
52.20	-88.6	-32.1	-60.3	85.7	0.4	41.6	-86.6	-30.3	-59.0	85.1	0.2	40.9	4.1	4.0	3.3	-3.9	-2.5	-4.2
52.30	-87.3	-32.1	-60.3	85.9	0.3	41.6	-85.6	-29.9	-58.3	84.0	0.2	40.9	3.8	4.2	4.0	-4.7	-4.1	-4.2
52.40	-87.3	-32.1	-60.3	85.9	0.3	41.6	-85.6	-29.9	-58.3	84.0	0.2	40.9	3.8	4.2	4.0	-4.7	-4.1	-4.2
52.50	-86.9	-31.4	-60.1	84.6	0.2	41.6	-84.9	-29.7	-57.9	83.3	0.2	40.9	4.1	3.9	4.3	-3.9	-3.7	-4.3
52.60	-86.9	-31.4	-60.1	84.6	0.2	41.6	-84.9	-29.7	-57.9	83.3	0.2	40.9	4.1	3.9	4.3	-3.9	-3.7	-4.3
52.70	-85.5	-31.1	-59.4	84.0	0.0	41.7	-84.0	-29.4	-57.4	82.5	0.2	40.9	3.7	3.9	4.1	-3.7	-4.4	-4.3
52.80	-85.5	-31.1	-59.4	84.0	0.0	41.7	-84.0	-29.4	-57.4	82.5	0.2	40.9	3.7	3.9	4.1	-3.7	-4.4	-4.3
52.90	-84.8	-30.5	-59.1	82.7	-0.2	41.7	-83.1	-29.1	-56.8	81.6	0.2	40.9	3.9	3.6	4.3	-2.9	-4.4	-4.4
53.00	-84.8	-30.5	-59.1	82.7	-0.2	41.7	-83.1	-29.1	-56.8	81.6	0.2	40.9	3.9	3.6	4.3	-2.9	-4.4	-4.4
53.10	-84.1	-30.6	-58.4	81.7	-0.7	41.6	-82.2	-28.7	-56.2	80.7	0.1	40.9	4.0	4.0	4.2	3.7	-5.8	-4.3
53.20	-84.1	-30.6	-58.4	81.7	-0.7	41.6	-82.2	-28.7	-56.2	80.7	0.1	40.9	4.0	4.0	4.2	3.7	-5.8	-4.3
53.30	-83.9	-30.1	-57.6	79.6	-0.6	41.6	-80.6	-28.2	-55.3	79.2	0.1	40.9	5.1	4.0	4.4	3.9	-4.8	-4.2
53.40	-83.9	-30.1	-57.6	79.6	-0.6	41.6	-80.6	-28.2	-55.3	79.2	0.1	40.9	5.1	4.0	4.4	3.9	-4.8	-4.2
53.50	-82.4	-29.6	-56.7	79.2	0.1	41.8	-79.5	-27.8	-54.6	78.1	0.1	40.9	4.8	3.9	4.2	-3.5	-3.8	-4.4
53.60	-82.4	-29.6	-56.7	79.2	0.1	41.8	-79.5	-27.8	-54.6	78.1	0.1	40.9	4.8	3.9	4.2	-3.5	-3.8	-4.4
53.70	-81.0	-29.1	-56.0	78.3	1.0	41.7	-78.4	-27.4	-53.8	76.9	0.1	40.9	4.6	3.8	4.2	-6.0	3.2	-4.4
53.80	-81.0	-29.1	-56.0	78.3	1.0	41.7	-78.4	-27.4	-53.8	76.9	0.1	40.9	4.6	3.8	4.2	-6.0	3.2	-4.4
53.90	-79.9	-29.0	-55.3	77.8	0.4	41.6	-77.1	-27.0	-53.1	75.7	0.1	40.9	4.7	4.1	4.3	-5.1	-4.0	-4.2
54.00	-79.9	-29.0	-55.3	77.8	0.4	41.6	-77.1	-27.0	-53.1	75.7	0.1	40.9	4.7	4.1	4.3	-5.1	-4.0	-4.2
54.10	-79.1	-28.4	-54.9	76.6	1.0	41.4	-75.9	-26.5	-52.3	74.5	0.1	40.9	5.1	4.0	4.6	-6.8	2.7	-4.1
54.20	-79.1	-28.4	-54.9	76.6	1.0	41.4	-75.9	-26.5	-52.3	74.5	0.1	40.9	5.1	4.0	4.6	-6.8	2.7	-4.1
54.30	-77.6	-27.4	-54.0	76.1	0.7	41.7	-73.8	-25.8	-51.0	72.5	0.1	40.9	5.5	3.8	5.0	-7.6	-4.7	-4.3
54.40	-77.6	-27.4	-54.0	76.1	0.7	41.7	-73.8	-25.8	-51.0	72.5	0.1	40.9	5.5	3.8	5.0	-7.6	-4.7	-4.3
54.50	-75.4	-27.1	-53.0	75.0	1.4	41.7	-72.4	-25.3	-50.1	71.1	0.1	40.9	4.9	3.9	4.9	-9.7	-3.2	-4.3
54.60	-75.4	-27.1	-53.0	75.0	1.4	41.7	-72.4	-25.3	-50.1	71.1	0.1	40.9	4.9	3.9	4.9	-9.7	-3.2	-4.3
54.70	-74.4	-26.4	-52.1	73.8	0.0	41.6	-70.9	-24.8	-49.2	69.6	0.1	40.9	5.3	3.7	4.9	-6.5	-6.9	-4.3
54.80	-74.4	-26.4	-52.1	73.8	0.0	41.6	-70.9	-24.8	-49.2	69.6	0.1	40.9	5.3	3.7	4.9	-6.5	-6.9	-4.3
54.90	-73.3	-26.2	-51.1	71.4	0.1	41.5	-69.4	-24.3	-48.3	68.1	0.1	40.9	5.6	4.0	4.9	-5.8	-5.7	-4.2
55.00	-73.3	-26.2	-51.1	71.4	0.1	41.5	-69.4	-24.3	-48.3	68.1	0.1	40.9	5.6	4.0	4.9	-5.8	-5.7	-4.2
55.10	-71.7	-25.0	-49.9	69.3	-0.6	41.7	-67.8	-23.7	-47.3	66.6	0.1	40.9	5.6	3.5	4.6	-3.3	-7.0	-4.4
55.20	-71.7	-25.0	-49.9	69.3	-0.6	41.7	-67.8	-23.7	-47.3	66.6	0.1	40.9	5.6	3.5	4.6	-3.3	-7.0	-4.4
55.30	-69.9	-24.7	-48.9	66.9	-0.4	41.6	-65.4	-22.9	-45.8	64.2	0.1	40.9	6.0	4.0	5.1	-4.0	-6.4	-4.2
55.40	-69.9	-24.7	-48.9	66.9	-0.4	41.6	-65.4	-22.9	-45.8	64.2	0.1	40.9	6.0	4.0	5.1	-4.0	-6.4	-4.2
55.50	-68.2	-24.1	-47.5	64.5	-0.6	41.5	-63.8	-22.3	-44.7	62.6	0.1	40.9	6.0	4.0	4.8	-2.6	-6.1	-4.2
55.60	-68.2	-24.1	-47.5	64.5	-0.6	41.5	-63.8	-22.3	-44.7	62.6	0.1	40.9	6.0	4.0	4.8	-2.6	-6.1	-4.2
55.70	-66.4	-23.4	-46.4	62.1	0.8	41.6	-62.0	-21.7	-43.7	60.9	0.1	40.9	6.0	3.9	4.8	-5.3	2.9	-4.3
55.80	-66.4	-23.4	-46.4	62.1	0.8	41.6	-62.0	-21.7	-43.7	60.9	0.1	40.9	6.0	3.9	4.8	-5.3	2.9	-4.3
55.90	-64.9	-22.8	-45.4	60.7	0.9	41.7	-60.3	-21.1	-42.6	59.2	0.1	40.9	6.2	3.9	4.8	-6.1	3.1	-4.3
56.00	-64.9	-22.8	-45.4	60.7	0.9	41.7	-60.3	-21.1	-42.6	59.2	0.1	40.9	6.2	3.9	4.8	-6.1	3.1	-4.3
56.10	-63.1	-22.1	-44.5	59.2	1.3	41.5	-58.5	-20.5	-41.5	57.5	0.1	40.9	6.2	3.8	5.0	-7.3	3.8	-4.2
56.20	-63.1	-22.1	-44.5	59.2	1.3	41.5	-58.5	-20.5	-41.5	57.5	0.1	40.9	6.2	3.8	5.0	-7.3	3.8	-4.2
56.30	-60.8	-21.5	-43.5	58.2	0.9	41.4	-55.9	-19.5	-39.8	54.8	0.1	40.9	6.5	4.0	5.7	-7.9	-3.7	-4.1
56.40	-60.8	-21.5	-43.5	58.2	0.9	41.4	-55.9	-19.5	-39.8	54.8	0.1	40.9	6.5	4.0	5.7	-7.9	-3.7	-4.1
56.50	-59.3	-20.4	-42.1	56.6	1.0	41.6	-54.0	-18.9	-38.7	53.0	0.1	40.9	6.7	3.7	5.4	-8.3	-3.8	-4.2
56.60	-59.3	-20.4	-42.1	56.6	1.0	41.6	-54.0	-18.9	-38.7	53.0	0.1	40.9	6.7	3.7	5.4	-8.3	-3.8	-4.2
56.70	-57.7	-20.0	-41.0	55.0	-0.5	41.4	-52.2	-18.2	-37.5	51.2	0.1	40.9	6.9	3.9	5.5	-4.8	-7.6	-4.0
56.80	-57.7	-20.0	-41.0	55.0	-0.5	41.4	-52.2	-18.2	-37.5	51.2	0.1	40.9	6.9	3.9	5.5	-4.8	-7.6	-4.0
56.90	-55.3	-18.9	-39.5	52.9	-0.5	41.4	-50.3	-17.6	-36.4	49.4	0.1	40.9	6.5	3.6	5.2	-4.5	-7.4	-4.1
57.00	-55.3	-18.9	-39.5	52.9	-0.5	41.4	-50.3	-17.6	-36.4	49.4	0.1	40.9	6.5	3.6	5.2	-4.5	-7.4	-4.1
57.10	-52.7	-18.4	-37.8	50.5	-0.7	41.4	-48.5	-16.9	-35.2	47.6	0.1	40.9	5.9	3.7	4.6	-3.4	-7.5	-4.1
57.20	-52.7	-18.4	-37.8	50.5	-0.7	41.4	-48.5	-16.9	-35.2	47.6	0.1	40.9	5.9	3.7	4.6	-3.4	-7.5	-4.1
57.30	-50.9	-17.4	-36.2	47.7	0.1	41.6	-45.7	-16.0	-33.5	44.8	0.1	40.9	6.7	3.6	4.7	-5.5	-5.2	-4.3
57.40	-50.9	-17.4	-36.2	47.7	0.1	41.6	-45.7	-16.0	-33.5	44.8	0.1	40.9	6.7	3.6	4.7	-5.5	-5.2	-4.3
57.50	-49.4	-17.0	-35.2	44.8	0.0	41.4	-43.8	-15.3	-32.3	43.0	0.1	40.9	7.0	3.8	4.9	-4.1	-4.5	-4.1
57.60	-49.4	-17.0	-35.2	44.8	0.0	41.4	-43.8	-15.3	-32.3	43.0	0.1	40.9	7.0	3.8	4.9	-4.1	-4.5	-4.1
57.70	-46.8	-16.1	-33.9	43.2	0.8	41.4	-41.9	-14.7	-31.1	41.2	0.1	40.9	6.4	3.7	4.7	-6.4	-2.6	-4.1
57.80	-46.8	-16.1	-33.9	43.2	0.8	41.4	-41.9	-14.7	-31.1	41.2	0.1	40.9	6.4	3.7	4.7	-6.4	-2.6	-4.1
57.90	-44.0	-15.3	-32.7	41.6	1.1	41.5	-40.1	-14.0	-30.0	39.3	0.1	40.9	5.6	3.5	4.7	-7.5	2.9	-4.1
58.00	-44.0	-15.3	-32.7	41.6	1.1	41.5	-40.1	-14.0	-30.0	39.3	0.1	40.9	5.6	3.5	4.7	-7.5	2.9	-4.1
58.10	-42.5	-14.7	-31.6	39.6	0.9	41.5	-38.2	-13.4	-28.8	37.5	0.1	40.9	5.9	3.6	4.8	-6.7	2.6	-4.1
58.20	-42.5	-14.7	-31.6	39.6	0.9	41.5	-38.2	-13.4	-28.8	37.5	0.1	40.9	5.9	3.6	4.8	-6.7	2.6	-4.1
58.30	-40.5	-13.6	-29.9	38.5	0.9	41.6	-35.5	-12.4	-27.1	34.8	0.1	40.9	6.5	3.5	4.8	-8.4	-4.0	-4.3
58.40	-40.5	-13.6	-29.9	38.5	0.9	41.6	-35.5	-12.4	-27.1	34.8	0.1	40.9	6.5	3.5	4.8	-8.4	-4.0	-4.3
58.50	-37.8	-13.2	-28.8	37.1	0.1	41.5	-33.6	-11.8	-26.0	33.0	0.1	40.9	5.8	3.6	4.8	-6.7	-6.4	-4.2
58.60	-37.8	-13.2	-28.8	37.1	0.1	41.5	-33.6	-11.8	-26.0	33.0	0.1	40.9	5.8	3.6	4.8	-6.7	-6.4	-4.2
58.70	-35.5	-12.2	-27.4	34.8	-0.5	41.6	-31.9	-11.1	-24.8	31.3	0.1	40.9	5.4	3.3	4.6	-4.7	-7.3	-4.3
58.80	-35.5	-12.2	-27.4	34.8	-0.5	41.6	-31.9	-11.1	-24.8	31.3	0.1	40.9	5.4	3.3	4.6	-4.7	-7.3	-4.3
58.90	-34.1	-11.6	-25.7	32.6	-0.1	41.7	-30.1	-10.5	-23.7	29.5	0.1	40.9	5.7	3.4	4.0	-5.2	-6.0	-4.3
59.00	-34.1	-11.6	-25.7	32.6	-0.1	41.7	-30.1	-10.5	-23.7	29.5	0.1	40.9	5.7	3.4	4.0	-5.2	-6.0	-4.3
59.10	-32.7	-11.0	-24.8	29.9	-0.4	41.7	-28.4	-9.9	-22.7	27.8	0.1	40.9	6.0	3.4	4.1	-3.4	-5.8	-4.3
59.20	-32.7	-11.0	-24.8	29.9	-0.4	41.7	-28.4	-9.9	-22.7	27.8	0.1	40.9	6.0	3.4	4.1	-3.4	-5.8	-4.3
59.30	-30.5	-10.5	-23.7	27.9	-0.5	41.5	-25.8	-9.0	-21.1	25.3	0.0	40.9	6.2	3.7	4.7	-3.6	-6.5	-4.2
59.40	-30.5	-10.5	-23.7	27.9	-0.5	41.5	-25.8	-9.0	-21.1	25.3	0.0	40.9	6.2	3.7	4.7	-3.6	-6.5	-4.2
59.50	-28.7	-9.9	-22.7	25.4	-0.3	41.6	-24.2	-8.4	-20.1	23.7	0.0	40.9	6.1	3.6	4.6	-3.4	-5.0	-4.3
59.60	-28.7	-9.9	-22.7	25.4	-0.3	41.6	-24.2	-8.4	-20.1	23.7	0.0	40.9	6.1	3.6	4.6	-3.4	-5.0	-4.3
59.70	-27.1	-9.2	-21.8	22.9	0.1	41.5	-22.6	-7.9	-19.1	22.1	0.0	40.9	6.1	3.5	4.7	-3.3	-3.2	-4.2
59.80	-27.1	-9.2	-21.8	22.9	0.1	41.5	-22.6	-7.9	-19.1	22.1	0.0	40.9	6.1	3.5	4.7	-3.3	-3.2	-4.2
59.90	-25.4	-8.3	-20.9	21.7	1.0	41.5	-21.0	-7.3	-18.1	20.6	0.0	40.9	6.0	3.3	4.8	-6.0	3.9	-4.2
60.00	-25.4	-8.3	-20.9	21.7	1.0	41.5	-21.0	-7.3	-18.1	20.6	0.0	40.9	6.0	3.3	4.8	-6.0	3.9	-4.2
60.10	-22.9	-7.4	-19.3	20.5	0.8	41.5	-19.5	-6.8	-17.1	19.1	0.0	40.9	5.3	3.0	4.2	-5.9	3.1	-4.2
60.20	-22.9	-7.4	-19.3	20.5	0.8	41.5	-19.5	-6.8	-17.1	19.1	0.0	40.9	5.3	3.0	4.2	-5.9	3.1	-4.2
60.30	-21.1	-7.1	-18.4	19.0	0.4	41.4	-17.3	-6.0	-15.8	17.0	0.0	40.9	5.6	3.3	4.6	-5.6	-3.6	-4.1
60.40	-21.1	-7.1	-18.4	19.0	0.4	41.4	-17.3	-6.0	-15.8	17.0	0.0	40.9	5.6	3.3	4.6	-5.6	-3.6	-4.1
60.50	-19.6	-6.2	-17.0	17.6	-0.5	41.5	-15.9	-5.6	-14.9	15.6	0.0	40.9	5.5	3.0	4.1	-3.2	-5.7	-4.1
60.60	-19.6	-6.2	-17.0	17.6	-0.5	41.5	-15.9	-5.6	-14.9	15.6	0.0	40.9	5.5	3.0	4.1	-3.2	-5.7	-4.1
60.70	-18.0	-5.9	-15.6	16.6	-0.4	41.5	-14.5	-5.1	-14.1	14.3	0.0	40.9	5.3	3.1	3.5	-3.9	-5.8	-4.1
60.80	-18.0	-5.9	-15.6	16.6	-0.4	41.5	-14.5	-5.1	-14.1	14.3	0.0	40.9	5.3	3.1	3.5	-3.9	-5.8	-4.1
60.90	-15.9	-5.4	-14.6	15.5	-1.0	41.5	-13.3	-4.6	-13.3	13.0	0.0	40.9	4.6	3.1	3.4	-2.5	-7.5	-4.2
61.00	-15.9	-5.4	-14.6	15.5	-1.0	41.5	-13.3	-4.6	-13.3	13.0	0.0	40.9	4.6	3.1	3.4	-2.5	-7.5	-4.2
61.10	-13.9	-5.3	-13.5	13.6	-0.0	41.4	-12.0	-4.2	-12.5	11.8	0.0	40.9	4.0	3.4	3.0	-4.1	-4.4	-4.1
61.20	-13.9	-5.3	-13.5	13.6	-0.0	41.4	-12.0	-4.2	-12.5	11.8	0.0	40.9	4.0	3.4	3.0	-4.1	-4.4	-4.1
61.30	-12.8	-4.7	-12.3	11.5	0.3	41.5	-10.3	-3.6	-11.4	10.1	0.0	40.9	4.5	3.4	2.9	-4.5	-3.2	-4.1
61.40	-12.8	-4.7	-12.3	11.5	0.3	41.5	-10.3	-3.6	-11.4	10.1	0.0	40.9	4.5	3.4	2.9	-4.5	-3.2	-4.1
61.50	-11.6	-4.2	-11.7	10.3	1.4	41.4	-9.2	-3.2	-10.7	9.1	0.0	40.9	4.4	3.3	2.9	-7.0	4.7	-4.1
61.60	-11.6	-4.2	-11.7	10.3	1.4	41.4	-9.2	-3.2	-10.7	9.1	0.0	40.9	4.4	3.3	2.9	-7.0	4.7	-4.1
61.70	-10.4	-3.4	-11.3	9.6	0.9	41.6	-8.2	-2.9	-10.1	8.1	0.0	40.9	4.2	2.9	3.2	-6.4	3.2	-4.3
61.80	-10.4	-3.4	-11.3	9.6	0.9	41.6	-8.2	-2.9	-10.1	8.1	0.0	40.9	4.2	2.9	3.2	-6.4	3.2	-4.3
61.90	-8.8	-3.1	-10.9	8.3	0.9	41.5	-7.3	-2.5	-9.5	7.1	0.0	40.9	3.7	2.9	3.3	-5.9	3.7	-4.2
62.00	-8.8	-3.1	-10.9	8.3	0.9	41.5	-7.3	-2.5	-9.5	7.1	0.0	40.9	3.7	2.9	3.3	-5.9	3.7	-4.2
62.10	-8.1	-2.8	-10.1	6.8	-0.1	41.6	-6.4	-2.2	-9.0	6.3	0.0	40.9	3.9	3.0	3.1	-2.9	-3.2	-4.2
62.20	-8.1	-2.8	-10.1	6.8	-0.1	41.6	-6.4	-2.2	-9.0	6.3	0.0	40.9	3.9	3.0	3.1	-2.9	-3.2	-4.2
62.30	-7.8	-2.7	-9.3	5.7	-0.5	41.4	-5.2	-1.8	-8.2	5.1	0.0	40.9	4.6	3.2	3.0	3.0	-4.4	-4.1
62.40	-7.8	-2.7	-9.3	5.7	-0.5	41.4	-5.2	-1.8	-8.2	5.1	0.0	40.9	4.6	3.2	3.0	3.0	-4.4	-4.1
62.50	-6.6	-2.8	-8.8	4.7	-1.4	41.4	-4.4	-1.5	-7.8	4.3	0.0	40.9	4.2	3.5	3.0	5.6	-6.3	-4.1
62.60	-6.6	-2.8	-8.8	4.7	-1.4	41.4	-4.4	-1.5	-7.8	4.3	0.0	40.9	4.2	3.5	3.0	5.6	-6.3	-4.1
62.70	-4.7	-2.0	-8.0	4.3	0.0	41.6	-3.8	-1.3	-7.3	3.7	0.0	40.9	3.2	3.1	2.6	-3.2	-3.0	-4.2
62.80	-4.7	-2.0	-8.0	4.3	0.0	41.6	-3.8	-1.3	-7.3	3.7	0.0	40.9	3.2	3.1	2.6	-3.2	-3.0	-4.2
62.90	-4.0	-1.8	-7.5	2.8	0.2	41.5	-3.2	-1.1	-7.0	3.1	0.0	40.9	3.2	3.0	2.6	-2.6	3.3	-4.2
63.00	-4.0	-1.8	-7.5	2.8	0.2	41.5	-3.2	-1.1	-7.0	3.1	0.0	40.9	3.2	3.0	2.6	-2.6	3.3	-4.2
63.10	-3.8	-1.2	-7.4	2.6	0.7	41.6	-2.6	-0.9	-6.6	2.6	0.0	40.9	3.4	2.7	2.7	-4.2	4.2	-4.3
63.20	-3.8	-1.2	-7.4	2.6	0.7	41.6	-2.6	-0.9	-6.6	2.6	0.0	40.9	3.4	2.7	2.7	-4.2	4.2	-4.3
63.30	-3.0	-1.2	-7.2	1.8	0.4	41.5	-1.9	-0.7	-6.2	1.9	0.0	40.9	3.4	2.9	3.0	-3.3	3.4	-4.2
63.40	-3.0	-1.2	-7.2	1.8	0.4	41.5	-1.9	-0.7	-6.2	1.9	0.0	40.9	3.4	2.9	3.0	-3.3	3.4	-4.2
63.50	-2.0	-0.8	-6.6	1.6	0.7	41.6	-1.5	-0.5	-5.9	1.5	0.0	40.9	2.9	2.8	2.6	-4.3	4.1	-4.2
63.60	-2.0	-0.8	-6.6	1.6	0.7	41.6	-1.5	-0.5	-5.9	1.5	0.0	40.9	2.9	2.8	2.6	-4.3	4.1	-4.2
63.70	-1.2	-0.7	-6.2	1.6	-0.7	41.5	-1.2	-0.4	-5.7	1.2	0.0	40.9	2.5	2.7	2.5	4.0	-4.8	-4.2
63.80	-1.2	-0.7	-6.2	1.6	-0.7	41.5	-1.2	-0.4	-5.7	1.2	0.0	40.9	2.5	2.7	2.5	4.0	-4.8	-4.2
63.90	-1.7	-0.7	-6.0	1.4	-1.1	41.5	-0.9	-0.3	-5.6	0.9	0.0	40.9	3.1	2.8	2.5	4.7	-5.8	-4.2
64.00	-1.7	-0.7	-6.0	1.4	-1.1	41.5	-0.9	-0.3	-5.6	0.9	0.0	40.9	3.1	2.8	2.5	4.7	-5.8	-4.2
64.10	-0.6	-0.4	-5.3	1.2	-0.5	41.6	-0.6	-0.2	-5.4	0.6	0.0	40.9	-2.6	2.6	-2.1	3.2	-4.4	-4.3
64.20	-0.6	-0.4	-5.3	1.2	-0.5	41.6	-0.6	-0.2	-5.4	0.6	0.0	40.9	-2.6	2.6	-2.1	3.2	-4.4	-4.3
64.30	0.5	-0.3	-5.1	1.1	0.7	41.8	-0.4	-0.1	-5.2	0.4	0.0	40.9	-3.2	2.6	-2.2	-5.0	3.6	-4.5
64.40	0.5	-0.3	-5.1	1.1	0.7	41.8	-0.4	-0.1	-5.2	0.4	0.0	40.9	-3.2	2.6	-2.2	-5.0	3.6	-4.5
64.50	-0.2	-0.5	-5.4	-1.1	0.3	41.5	-0.2	-0.1	-5.1	0.2	0.0	40.9	-2.6	2.8	2.2	3.2	4.5	-4.2
64.60	-0.2	-0.5	-5.4	-1.1	0.3	41.5	-0.2	-0.1	-5.1	0.2	0.0	40.9	-2.6	2.8	2.2	3.2	4.5	-4.2
64.70	-0.7	-0.7	-5.1	-1.2	0.1	41.5	-0.1	-0.0	-5.1	0.1	0.0	40.9	2.9	3.0	2.1	3.6	4.1	-4.2
64.80	-0.7	-0.7	-5.1	-1.2	0.1	41.5	-0.1	-0.0	-5.1	0.1	0.0	40.9	2.9	3.0	2.1	3.6	4.1	-4.2
64.90	-0.6	-0.6	-5.2	-1.0	-0.0	41.6	-0.1	-0.0	-5.0	0.1	0.0	40.9	2.9	3.0	2.2	3.6	3.6	-4.2
65.00	-0.6	-0.6	-5.2	-1.0	-0.0	41.6	-0.1	-0.0	-5.0	0.1	0.0	40.9	2.9	3.0	2.2	3.6	3.6	-4.2
65.10	-0.2	-0.8	-5.2	-1.1	-0.5	41.5	-0.0	-0.0	-5.0	0.0	0.0	40.9	2.7	3.1	2.2	4.9	-2.5	-4.1
65.20	-0.2	-0.8	-5.2	-1.1	-0.5	41.5	-0.0	-0.0	-5.0	0.0	0.0	40.9	2.7	3.1	2.2	4.9	-2.5	-4.1
65.30	-0.6	-0.7	-5.2	-2.3	-0.9	41.5	-0.0	-0.0	-5.0	0.0	0.0	40.9	2.9	3.1	2.2	7.1	-2.6	-4.1
65.40	-0.6	-0.7	-5.2	-2.3	-0.9	41.5	-0.0	-0.0	-5.0	0.0	0.0	40.9	2.9	3.1	2.2	7.1	-2.6	-4.1
65.50	-1.0	-0.8	-5.0	-1.6	-1.1	41.5	-0.0	-0.0	-5.0	0.0	0.0	40.9	3.3	3.2	2.0	6.9	-3.7	-4.1
65.60	-1.0	-0.8	-5.0	-1.6	-1.1	41.5	-0.0	-0.0	-5.0	0.0	0.0	40.9	3.3	3.2	2.0	6.9	-3.7	-4.1
65.70	-0.4	-0.3	-4.8	-1.3	-0.5	41.7	0.0	-0.0	-5.0	0.0	-0.0	40.9	2.8	2.8	-2.2	5.0	2.6	-4.3
65.80	-0.4	-0.3	-4.8	-1.3	-0.5	41.7	0.0	-0.0	-5.0	0.0	-0.0	40.9	2.8	2.8	-2.2	5.0	2.6	-4.3
65.90	-0.0	-0.4	-5.1	-0.8	-0.3	41.5	0.0	-0.0	-5.0	0.0	-0.0	40.9	2.5	2.8	2.1	4.1	-2.6	-4.2
66.00	-0.0	-0.4	-5.1	-0.8	-0.3	41.5	0.0	-0.0	-5.0	0.0	-0.0	40.9	2.5	2.8	2.1	4.1	-2.6	-4.2
66.10	0.1	-0.4	-5.0	-1.5	0.2	41.6	0.0	-0.0	-5.0	0.0	-0.0	40.9	-2.5	2.8	-2.0	3.5	4.5	-4.2
66.20	0.1	-0.4	-5.0	-1.5	0.2	41.6	0.0	-0.0	-5.0	0.0	-0.0	40.9	-2.5	2.8	-2.0	3.5	4.5	-4.2
66.30	-0.4	-0.4	-4.9	-0.6	0.2	41.5	0.0	-0.0	-5.0	0.0	-0.0	40.9	2.8	2.8	-2.1	2.7	3.6	-4.2
66.40	-0.4	-0.4	-4.9	-0.6	0.2	41.5	0.0	-0.0	-5.0	0.0	-0.0	40.9	2.8	2.8	-2.1	2.7	3.6	-4.2
66.50	-0.4	-0.5	-5.0	-0.6	0.5	41.6	0.0	-0.0	-5.0	0.0	-0.0	40.9	2.8	2.9	-2.0	-3.2	4.4	-4.2
66.60	-0.4	-0.5	-5.0	-0.6	0.5	41.6	0.0	-0.0	-5.0	0.0	-0.0	40.9	2.8	2.9	-2.0	-3.2	4.4	-4.2
66.70	-0.2	-0.6	-5.1	-0.6	-0.4	41.4	0.0	-0.0	-5.0	0.0	-0.0	40.9	2.6	3.0	2.1	4.2	-2.9	-4.0
66.80	-0.2	-0.6	-5.1	-0.6	-0.4	41.4	0.0	-0.0	-5.0	0.0	-0.0	40.9	2.6	3.0	2.1	4.2	-2.9	-4.0
66.90	0.2	-0.7	-4.9	-0.4	0.5	41.5	0.0	-0.0	-5.0	0.0	-0.0	40.9	-2.7	3.0	-2.1	-3.4	4.1	-4.1
67.00	0.2	-0.7	-4.9	-0.4	0.5	41.5	0.0	-0.0	-5.0	0.0	-0.0	40.9	-2.7	3.0	-2.1	-3.4	4.1	-4.1
67.10	-0.0	-0.5	-5.0	0.7	0.1	41.5	0.0	-0.0	-5.0	0.0	-0.0	40.9	2.5	2.9	2.0	-3.4	-3.0	-4.1
67.20	-0.0	-0.5	-5.0	0.7	0.1	41.5	0.0	-0.0	-5.0	0.0	-0.0	40.9	2.5	2.9	2.0	-3.4	-3.0	-4.1
67.30	-0.3	-0.8	-5.1	0.1	-0.0	41.4	0.0	-0.0	-5.0	0.0	-0.0	40.9	2.7	3.1	2.1	-2.6	-2.7	-4.1
67.40	-0.3	-0.8	-5.1	0.1	-0.0	41.4	0.0	-0.0	-5.0	0.0	-0.0	40.9	2.7	3.1	2.1	-2.6	-2.7	-4.1
67.50	0.2	-0.6	-4.8	0.3	-0.4	41.4	0.0	-0.0	-5.0	0.0	-0.0	40.9	-2.6	2.9	-2.2	3.2	-3.9	-4.1
67.60	0.2	-0.6	-4.8	0.3	-0.4	41.4	0.0	-0.0	-5.0	0.0	-0.0	40.9	-2.6	2.9	-2.2	3.2	-3.9	-4.1
67.70	0.5	-0.5	-4.9	0.0	0.3	41.6	0.0	-0.0	-5.0	0.0	-0.0	40.9	-2.9	2.9	-2.1	-3.2	3.2	-4.3
67.80	0.5	-0.5	-4.9	0.0	0.3	41.6	0.0	-0.0	-5.0	0.0	-0.0	40.9	-2.9	2.9	-2.1	-3.2	3.2	-4.3
67.90	0.0	-0.3	-4.9	0.7	-0.2	41.6	0.0	-0.0	-5.0	0.0	-0.0	40.9	-2.5	2.8	-2.1	-2.6	-3.8	-4.2
68.00	0.0	-0.3	-4.9	0.7	-0.2	41.6	0.0	-0.0	-5.0	0.0	-0.0	40.9	-2.5	2.8	-2.1	-2.6	-3.8	-4.2
68.10	-0.7	-0.7	-4.9	0.1	-0.2	41.4	0.0	-0.0	-5.0	0.0	-0.0	40.9	3.1	3.0	-2.1	3.0	-3.2	-4.0
68.20	-0.7	-0.7	-4.9	0.1	-0.2	41.4	0.0	-0.0	-5.0	0.0	-0.0	40.9	3.1	3.0	-2.1	3.0	-3.2	-4.0
68.30	-0.1	-0.4	-5.0	0.3	-0.2	41.5	0.0	-0.0	-5.0	0.0	-0.0	40.9	2.6	2.8	-2.0	2.7	-3.3	-4.1
68.40	-0.1	-0.4	-5.0	0.3	-0.2	41.5	0.0	-0.0	-5.0	0.0	-0.0	40.9	2.6	2.8	-2.0	2.7	-3.3	-4.1
68.50	0.5	-0.3	-4.8	-0.1	0.7	41.6	0.0	-0.0	-5.0	0.0	-0.0	40.9	-2.9	2.8	-2.2	-4.2	4.4	-4.2
68.60	0.5	-0.3	-4.8	-0.1	0.7	41.6	0.0	-0.0	-5.0	0.0	-0.0	40.9	-2.9	2.8	-2.2	-4.2	4.4	-4.2
68.70	-0.3	-0.1	-4.3	1.2	0.8	41.6	0.0	-0.0	-5.0	0.0	-0.0	40.9	2.7	2.6	-2.7	-5.7	3.3	-4.2
68.80	-0.3	-0.1	-4.3	1.2	0.8	41.6	0.0	-0.0	-5.0	0.0	-0.0	40.9	2.7	2.6	-2.7	-5.7	3.3	-4.2
68.90	-0.6	-0.2	-4.6	0.8	0.9	41.5	0.0	-0.0	-5.0	0.0	-0.0	40.9	2.9	2.7	-2.4	-5.5	3.9	-4.1
69.00	-0.6	-0.2	-4.6	0.8	0.9	41.5	0.0	-0.0	-5.0	0.0	-0.0	40.9	2.9	2.7	-2.4	-5.5	3.9	-4.1
69.10	-0.2	-0.4	-4.7	0.7	0.2	41.6	0.0	-0.0	-5.0	0.0	-0.0	40.9	2.7	2.8	-2.3	-3.7	-2.6	-4.3
69.20	-0.2	-0.4	-4.7	0.7	0.2	41.6	0.0	-0.0	-5.0	0.0	-0.0	40.9	2.7	2.8	-2.3	-3.7	-2.6	-4.3
69.30	0.2	-0.2	-4.6	-0.2	0.1	41.5	0.0	-0.0	-5.0	0.0	-0.0	40.9	-2.7	2.7	-2.4	2.6	2.8	-4.2
69.40	0.2	-0.2	-4.6	-0.2	0.1	41.5	0.0	-0.0	-5.0	0.0	-0.0	40.9	-2.7	2.7	-2.4	2.6	2.8	-4.2
69.50	-0.5	-0.7	-5.0	-0.2	-1.2	41.5	0.0	-0.0	-5.0	0.0	-0.0	40.9	2.9	3.0	-2.0	5.7	-5.4	-4.1
69.60	-0.5	-0.7	-5.0	-0.2	-1.2	41.5	0.0	-0.0	-5.0	0.0	-0.0	40.9	2.9	3.0	-2.0	5.7	-5.4	-4.1
69.70	-0.7	-0.5	-5.1	-0.6	-1.1	41.4	0.0	-0.0	-5.0	0.0	-0.0	40.9	3.1	2.9	2.1	6.0	-4.7	-4.1
69.80	-0.7	-0.5	-5.1	-0.6	-1.1	41.4	0.0	-0.0	-5.0	0.0	-0.0	40.9	3.1	2.9	2.1	6.0	-4.7	-4.1
69.90	0.1	-0.5	-5.0	-0.2	-1.0	41.5	0.0	-0.0	-5.0	0.0	-0.0	40.9	-2.6	2.9	2.0	5.1	-4.7	-4.2
70.00	0.1	-0.5	-5.0	-0.2	-1.0	41.5	0.0	-0.0	-5.0	0.0	-0.0	40.9	-2.6	2.9	2.0	5.1	-4.7	-4.2
70.10	0.8	-0.2	-4.9	-1.3	0.0	41.5	0.0	-0.0	-5.0	0.0	-0.0	40.9	-3.2	2.7	-2.1	3.8	3.9	-4.2
70.20	0.8	-0.2	-4.9	-1.3	0.0	41.5	0.0	-0.0	-5.0	0.0	-0.0	40.9	-3.2	2.7	-2.1	3.8	3.9	-4.2
70.30	0.2	-0.5	-5.0	-1.4	0.3	41.5	0.0	-0.0	-5.0	0.0	-0.0	40.9	-2.6	2.9	-2.0	3.1	4.7	-4.1
70.40	0.2	-0.5	-5.0	-1.4	0.3	41.5	0.0	-0.0	-5.0	0.0	-0.0	40.9	-2.6	2.9	-2.0	3.1	4.7	-4.1
70.50	-0.1	-0.3	-4.8	-1.7	0.7	41.5	0.0	-0.0	-5.0	0.0	-0.0	40.9	2.6	2.7	-2.2	-2.6	6.0	-4.1
70.60	-0.1	-0.3	-4.8	-1.7	0.7	41.5	0.0	-0.0	-5.0	0.0	-0.0	40.9	2.6	2.7	-2.2	-2.6	6.0	-4.1
70.70	0.5	-0.4	-4.8	-1.4	1.1	41.5	0.0	-0.0	-5.0	0.0	-0.0	40.9	-2.9	2.8	-2.2	-3.9	6.6	-4.2
70.80	0.5	-0.4	-4.8	-1.4	1.1	41.5	0.0	-0.0	-5.0	0.0	-0.0	40.9	-2.9	2.8	-2.2	-3.9	6.6	-4.2
70.90	1.1	-0.1	-4.5	-1.2	1.1	41.7	0.0	-0.0	-5.0	0.0	-0.0	40.9	-3.4	2.6	-2.5	-4.2	6.5	-4.4
71.00	1.1	-0.1	-4.5	-1.2	1.1	41.7	0.0	-0.0	-5.0	0.0	-0.0	40.9	-3.4	2.6	-2.5	-4.2	6.5	-4.4
71.10	0.3	-0.3	-4.9	-1.1	-0.2	41.5	0.0	-0.0	-5.0	0.0	-0.0	40.9	-2.8	2.7	-2.1	4.2	3.0	-4.1
71.20	0.3	-0.3	-4.9	-1.1	-0.2	41.5	0.0	-0.0	-5.0	0.0	-0.0	40.9	-2.8	2.7	-2.1	4.2	3.0	-4.1
71.30	-0.3	-0.5	-4.9	-1.1	-1.5	41.6	0.0	-0.0	-5.0	0.0	-0.0	40.9	2.7	2.9	-2.1	7.5	-5.3	-4.2
71.40	-0.3	-0.5	-4.9	-1.1	-1.5	41.6	0.0	-0.0	-5.0	0.0	-0.0	40.9	2.7	2.9	-2.1	7.5	-5.3	-4.2
71.50	-0.4	-0.5	-4.9	-1.5	-2.0	41.4	0.0	-0.0	-5.0	0.0	-0.0	40.9	2.8	2.9	-2.1	9.1	-6.2	-4.1
71.60	-0.4	-0.5	-4.9	-1.5	-2.0	41.4	0.0	-0.0	-5.0	0.0	-0.0	40.9	2.8	2.9	-2.1	9.1	-6.2	-4.1
71.70	-0.0	-0.7	-5.1	-1.9	-1.9	41.5	0.0	-0.0	-5.0	0.0	-0.0	40.9	2.5	3.1	2.1	9.1	-5.2	-4.1
71.80	-0.0	-0.7	-5.1	-1.9	-1.9	41.5	0.0	-0.0	-5.0	0.0	-0.0	40.9	2.5	3.1	2.1	9.1	-5.2	-4.1
71.90	-0.3	-0.7	-4.9	-0.8	-0.5	41.3	0.0	-0.0	-5.0	0.0	-0.0	40.9	2.7	3.0	-2.1	4.6	-3.0	-4.0
72.00	-0.3	-0.7	-4.9	-0.8	-0.5	41.3	0.0	-0.0	-5.0	0.0	-0.0	40.9	2.7	3.0	-2.1	4.6	-3.0	-4.0
72.10	-0.7	-0.7	-4.7	-1.0	0.4	41.5	0.0	-0.0	-5.0	0.0	-0.0	40.9	3.1	3.0	-2.3	2.5	4.5	-4.2
72.20	-0.7	-0.7	-4.7	-1.0	0.4	41.5	0.0	-0.0	-5.0	0.0	-0.0	40.9	3.1	3.0	-2.3	2.5	4.5	-4.2
72.30	-0.9	-0.7	-5.2	-1.5	1.1	41.4	0.0	-0.0	-5.0	0.0	-0.0	40.9	3.2	3.1	2.2	-3.7	6.7	-4.0
72.40	-0.9	-0.7	-5.2	-1.5	1.1	41.4	0.0	-0.0	-5.0	0.0	-0.0	40.9	3.2	3.1	2.2	-3.7	6.7	-4.0
72.50	-0.3	-0.7	-5.2	-1.6	1.1	41.4	0.0	-0.0	-5.0	0.0	-0.0	40.9	2.7	3.0	2.2	-3.6	6.9	-4.1
72.60	-0.3	-0.7	-5.2	-1.6	1.1	41.4	0.0	-0.0	-5.0	0.0	-0.0	40.9	2.7	3.0	2.2	-3.6	6.9	-4.1
72.70	-0.3	-0.5	-5.1	-0.5	1.5	41.4	0.0	-0.0	-5.0	0.0	-0.0	40.9	2.8	2.9	2.1	-5.7	6.6	-4.1
72.80	-0.3	-0.5	-5.1	-0.5	1.5	41.4	0.0	-0.0	-5.0	0.0	-0.0	40.9	2.8	2.9	2.1	-5.7	6.6	-4.1
72.90	-0.7	-0.5	-5.3	-0.8	-0.3	41.4	0.0	-0.0	-5.0	0.0	-0.0	40.9	3.0	2.9	2.3	4.1	-2.5	-4.1
73.00	-0.7	-0.5	-5.3	-0.8	-0.3	41.4	0.0	-0.0	-5.0	0.0	-0.0	40.9	3.0	2.9	2.3	4.1	-2.5	-4.1
73.10	-0.6	-0.7	-5.2	-0.6	-0.8	41.4	0.0	-0.0	-5.0	0.0	-0.0	40.9	3.0	3.0	2.2	5.1	-3.8	-4.0
